Date,Open,High,Low,Close,Volume,Ex-Dividend,Split Ratio,Adj. Open,Adj. High,Adj. Low,Adj. Close,Adj. Volume,TWAP-Open,TWAP-High,TWAP-Low,TWAP-Close,SMA-50,SMA-200,LWMA-15,LWMA-50
2017-01-25,130,131.74,129.77,131.48,18560468,0,1,130,131.74,129.77,131.48,18560468,71.23427,72.05626,70.35172,71.21877,120.71080,121.39420,127.81604,122.40367
2017-01-24,129.38,129.9,128.38,129.37,14980442,0,1,129.38,129.9,128.38,129.37,14980442,71.18439,72.00559,70.30128,71.16762,120.49720,121.28175,127.03550,121.97297
2017-01-23,127.31,129.25,126.95,128.93,16016924,0,1,127.31,129.25,126.95,128.93,16016924,71.13494,71.95640,70.25193,71.11817,120.37340,121.18805,126.39938,121.62016
2017-01-20,128.1,128.48,126.78,127.04,18585904,0,1,128.1,128.48,126.78,127.04,18585904,71.08718,71.90768,70.20372,71.06901,120.27920,121.11160,125.71342,121.28092
2017-01-19,128.23,128.35,127.45,127.55,12131646,0,1,128.23,128.35,127.45,127.55,12131646,71.03865,71.85954,70.15557,71.02137,120.18140,121.04495,125.17938,121.01195
2017-01-18,128.41,128.43,126.84,127.92,12889153,0,1,128.41,128.43,126.84,127.92,12889153,70.98994,71.81142,70.10677,70.97322,120.04540,120.96830,124.50208,120.71765
2017-01-17,128.04,128.34,127.4,127.835,14433608,0,1,128.04,128.34,127.4,127.835,14433608,70.94099,71.76315,70.05840,70.92467,119.88700,120.89145,123.68979,120.40264
2017-01-13,127.49,129.27,127.37,128.34,24651548,0,1,127.49,129.27,127.37,128.34,24651548,70.89227,71.71488,70.00947,70.87612,119.87370,120.83258,122.80117,120.09043
2017-01-12,125.61,126.73,124.8,126.62,18454802,0,1,125.61,126.73,124.8,126.62,18454802,70.84394,71.66573,69.96049,70.82704,119.89690,120.76138,121.77192,119.75933
2017-01-11,124.35,126.12,124.06,126.09,18187579,0,1,124.35,126.12,124.06,126.09,18187579,70.79713,71.61866,69.91362,70.77936,119.98430,120.70178,120.89475,119.49910
2017-01-10,124.82,125.5,124.28,124.35,17078191,0,1,124.82,125.5,124.28,124.35,17078191,70.75132,71.57204,69.86730,70.73204,120.08830,120.65203,120.02675,119.26374
2017-01-09,123.55,125.43,123.04,124.9,22812280,0,1,123.55,125.43,123.04,124.9,22812280,70.70502,71.52587,69.82071,70.68614,120.19510,120.59873,119.33892,119.10080
2017-01-06,120.98,123.88,120.03,123.41,28366116,0,1,120.98,123.88,120.03,123.41,28366116,70.65974,71.47968,69.77511,70.63968,120.31790,120.53948,118.54625,118.92111
2017-01-05,118.86,120.95,118.3209,120.67,19361354,0,1,118.86,120.95,118.3209,120.67,19361354,70.61659,71.43474,69.73201,70.59442,120.49550,120.48513,117.91317,118.80682
2017-01-04,117.55,119.66,117.29,118.69,19338497,0,1,117.55,119.66,117.29,118.69,19338497,70.57518,71.39224,69.69030,70.55144,120.74770,120.44303,117.61958,118.80987
2017-01-03,116.03,117.84,115.51,116.82,20502867,0,1,116.03,117.84,115.51,116.82,20502867,70.53482,71.35077,69.64941,70.51008,121.01530,120.40883,117.56542,118.90105
2016-12-30,116.595,116.83,114.7739,115.05,18357768,0,1,116.595,116.83,114.7739,115.05,18357768,70.49570,71.31080,69.60998,70.47026,121.27890,120.38198,117.76883,119.07591
2016-12-29,117,117.531,116.06,116.35,9852366,0,1,117,117.531,116.06,116.35,9852366,70.45603,71.27162,69.57111,70.43190,121.58010,120.36183,118.22567,119.33200
2016-12-28,118.19,118.25,116.65,116.92,11965852,0,1,118.19,118.25,116.65,116.92,11965852,70.41594,71.23178,69.53107,70.39235,121.82450,120.34098,118.53333,119.54668
2016-12-27,116.96,118.68,116.864,118.01,11989121,0,1,116.96,118.68,116.864,118.01,11989121,70.37475,71.19125,69.49045,70.35224,122.03690,120.30973,118.77300,119.74735
2016-12-23,117,117.56,116.3,117.27,10848436,0,1,117,117.56,116.3,117.27,10848436,70.33456,71.15027,69.44957,70.31112,122.23430,120.26913,118.87171,119.91300
2016-12-22,118.86,118.99,116.93,117.4,16117302,0,1,118.86,118.99,116.93,117.4,16117302,70.29426,71.11019,69.40912,70.27057,122.44530,120.22983,119.04733,120.11596
2016-12-21,118.92,119.2,118.48,119.04,10670169,0,1,118.92,119.2,118.48,119.04,10670169,70.25229,71.06881,69.36804,70.22983,122.67830,120.17943,119.18754,120.32295
2016-12-20,119.5,119.77,118.8,119.07,13481987,0,1,119.5,119.77,118.8,119.07,13481987,70.21019,71.02718,69.32556,70.18761,122.87510,120.12178,119.11833,120.47335
2016-12-19,119.85,120.36,118.51,119.24,15835112,0,1,119.85,120.36,118.51,119.24,15835112,70.16751,70.98497,69.28272,70.14529,123.09850,120.05608,119.06038,120.63133
2016-12-16,120.9,121.5,119.27,119.87,24348122,0,1,120.9,121.5,119.27,119.87,24348122,70.12446,70.94219,69.24007,70.10275,123.29350,119.98853,118.99092,120.79029
2016-12-15,120.08,122.5,119.63,120.57,19843328,0,1,120.08,122.5,119.63,120.57,19843328,70.08042,70.89834,69.19667,70.05958,123.47090,119.93113,118.84696,120.93150
2016-12-14,120,121.69,118.85,120.21,25523931,0,1,120,121.69,118.85,120.21,25523931,70.03702,70.85355,69.15290,70.01574,123.62890,119.87618,118.61775,121.05145
2016-12-13,117.86,121.52,117.61,120.31,29483831,0,1,117.86,121.52,117.61,120.31,29483831,69.99361,70.80938,69.10972,69.97213,123.78850,119.82488,118.44404,121.19179
2016-12-12,119.22,119.24,117.65,117.72,17722841,0,1,119.22,119.24,117.65,117.72,17722841,69.95199,70.76528,69.06754,69.92835,123.95770,119.77243,118.27000,121.33484
2016-12-09,119.22,119.94,118.95,119.68,17414270,0,1,119.22,119.94,118.95,119.68,17414270,69.90911,70.72309,69.02526,69.88676,124.16870,119.71843,118.41388,121.58773
2016-12-08,117.98,119.5,117.64,118.91,22380781,0,1,117.98,119.5,117.64,118.91,22380781,69.86615,70.68022,68.98177,69.84339,124.33690,119.65963,118.29700,121.77035
2016-12-07,117,117.95,116.57,117.95,21713085,0,1,117,117.95,116.57,117.95,21713085,69.82421,70.63766,68.93935,69.80061,124.54330,119.60543,118.25496,121.99126
2016-12-06,117.69,117.795,116.33,117.31,18700714,0,1,117.69,117.795,116.33,117.31,18700714,69.78304,70.59638,68.89779,69.75859,124.75810,119.55008,118.32667,122.25825
2016-12-05,115.95,117.57,115.07,117.445,20067728,0,1,115.95,117.57,115.07,117.445,20067728,69.74120,70.55515,68.85636,69.71706,124.95810,119.49083,118.45979,122.55817
2016-12-02,115.11,116.48,114.3,115.4,24982357,0,1,115.11,116.48,114.3,115.4,24982357,69.70081,70.51406,68.81597,69.67534,125.16840,119.43940,118.58917,122.86105
2016-12-01,118.38,118.45,114,115.1,43083095,0,1,118.38,118.45,114,115.1,43083095,69.66108,70.47384,68.77617,69.63534,125.46200,119.38525,119.01917,123.25564
2016-11-30,120.32,121.79,117.95,118.51,29800559,0,1,120.32,121.79,117.95,118.51,29800559,69.61842,70.43183,68.73657,69.59553,125.75880,119.32710,119.55400,123.67363
2016-11-29,120.57,122.1,120.4,120.87,18646826,0,1,120.57,122.1,120.4,120.87,18646826,69.57398,70.38682,68.69344,69.55266,125.96140,119.26055,119.71017,123.96584
2016-11-28,120.12,121.69,119.82,120.41,18019406,0,1,120.12,121.69,119.82,120.41,18019406,69.52925,70.34146,68.64808,69.50764,126.11700,119.16425,119.58200,124.17161
2016-11-25,121.01,121.14,120.07,120.38,8656458,0,1,121.01,121.14,120.07,120.38,8656458,69.48483,70.29637,68.60316,69.46295,126.29020,119.07225,119.51417,124.40220
2016-11-23,121.23,121.31,119.94,120.84,15672136,0,1,121.23,121.31,119.94,120.84,15672136,69.43956,70.25170,68.55793,69.41821,126.44960,118.97990,119.44692,124.64023
2016-11-22,122.4,122.98,120.9,121.47,26089163,0,1,122.4,122.98,120.9,121.47,26089163,69.39401,70.20679,68.51274,69.37298,126.58820,118.88070,119.37492,124.86565
2016-11-21,118.39,121.95,117.8,121.77,35415366,0,1,118.39,121.95,117.8,121.77,35415366,69.34735,70.16034,68.46662,69.32712,126.70300,118.77105,119.29108,125.07086
2016-11-18,118.39,119.13,116.84,117.02,22879303,0,1,118.39,119.13,116.84,117.02,22879303,69.30414,70.11471,68.42316,69.28092,126.84140,118.66095,119.24658,125.26974
2016-11-17,116.84,117.79,116.01,117.79,18597766,0,1,116.84,117.79,116.01,117.79,18597766,69.26085,70.07148,68.38046,69.23882,127.04300,118.59620,119.91475,125.66280
2016-11-16,117.2,117.88,114.21,116.34,32397947,0,1,117.2,117.88,114.21,116.34,32397947,69.21886,70.02937,68.33842,69.19597,127.29260,118.55970,120.58583,126.03545
2016-11-15,116.73,118.49,115.83,117.2,34681369,0,1,116.73,118.49,115.83,117.2,34681369,69.17647,69.98709,68.29790,69.15432,127.58680,118.54145,121.56067,126.47650
2016-11-14,119.1256,119.1256,113.5535,115.08,51377040,0,1,119.1256,119.1256,113.5535,115.08,51377040,69.13442,69.94421,68.25588,69.11184,127.83740,118.52850,122.55375,126.89365
2016-11-11,120.44,120.7,118.15,119.02,32840137,0,1,120.44,120.7,118.15,119.02,32840137,69.09018,69.90069,68.21579,69.07116,128.06600,118.52855,123.96350,127.40291
2016-11-10,123.93,124.18,115.27,120.8,67846704,0,1,123.93,124.18,115.27,120.8,67846704,69.04470,69.85569,68.17156,69.02692,128.20900,118.49450,124.98950,127.76326
2016-11-09,121.5,123.81,120.51,123.18,31916020,0,1,121.5,123.81,120.51,123.18,31916020,68.99604,69.80753,68.12981,68.98102,128.31540,118.43605,125.86967,128.05798
2016-11-08,122.03,124.61,121.54,124.22,19460768,0,1,122.03,124.61,121.54,124.22,19460768,68.94946,69.75961,68.08333,68.93293,128.36860,118.29240,126.51008,128.26146
2016-11-07,122.83,123.2089,121.35,122.15,22500660,0,1,122.83,123.2089,121.35,122.15,22500660,68.90232,69.71090,68.03585,68.88383,128.41500,118.15800,127.05675,128.42597
2016-11-04,119.59,121.93,119.25,120.75,30545466,0,1,119.59,121.93,119.25,120.75,30545466,68.85438,69.66335,67.98846,68.83648,128.47120,118.03230,127.90708,128.67386
2016-11-03,122,123.28,119.5,120,63766259,0,1,122,123.28,119.5,120,63766259,68.80924,69.61685,67.94286,68.79030,128.53400,117.91825,128.99183,128.97911
2016-11-02,130.23,130.23,126.28,127.17,50190225,0,1,130.23,130.23,126.28,127.17,50190225,68.76188,69.56906,67.89695,68.74470,128.60360,117.78905,130.23550,129.31651
2016-11-01,131.41,131.94,128.65,129.5,22077779,0,1,131.41,131.94,128.65,129.5,22077779,68.70709,69.51500,67.84491,68.69262,128.54760,117.62495,130.59858,129.37053
2016-10-31,132.01,132.12,130.8835,130.99,15668982,0,1,132.01,132.12,130.8835,130.99,15668982,68.65116,69.45931,67.79067,68.63838,128.44060,117.45375,130.66525,129.32899
2016-10-28,130.5,132.97,129.93,131.29,24545547,0,1,130.5,132.97,129.93,131.29,24545547,68.59459,69.40336,67.73434,68.58271,128.29200,117.27365,130.53942,129.22318
2016-10-27,131.74,131.8,129.27,129.69,16741393,0,1,131.74,131.8,129.27,129.69,16741393,68.53927,69.34656,67.67876,68.52667,128.14440,117.10905,130.35692,129.09983
2016-10-26,131.64,132.26,130.935,131.04,13084731,0,1,131.64,132.26,130.935,131.04,13084731,68.48274,69.29069,67.62367,68.47196,128.03800,116.93780,130.36650,129.03504
2016-10-25,133.5,133.5,132.22,132.29,13336787,0,1,133.5,133.5,132.22,132.29,13336787,68.42619,69.23432,67.56699,68.41595,127.88320,116.77945,130.18592,128.91125
2016-10-24,132.72,133.405,132.15,133.28,17470227,0,1,132.72,133.405,132.15,133.28,17470227,68.36788,69.17674,67.50905,68.35871,127.71540,116.60555,129.81492,128.73185
2016-10-21,129.78,132.13,129.7,132.07,19088794,0,1,129.78,132.13,129.7,132.07,19088794,68.31017,69.11913,67.45108,68.30049,127.54740,116.42580,129.28258,128.50704
2016-10-20,130.07,130.66,129.5,130,13167503,0,1,130.07,130.66,129.5,130,13167503,68.25499,69.06257,67.39520,68.24324,127.40400,116.25505,128.86983,128.32406
2016-10-19,128.74,130.47,128.6,130.11,16752321,0,1,128.74,130.47,128.6,130.11,16752321,68.19945,69.00722,67.33940,68.18776,127.30160,116.11990,128.69992,128.21824
2016-10-18,128.68,129.39,128.01,128.57,13503967,0,1,128.68,129.39,128.01,128.57,13503967,68.14501,68.95195,67.28431,68.13207,127.20060,115.98300,128.50892,128.10415
2016-10-17,128.2,128.47,127.32,127.54,11351681,0,1,128.2,128.47,127.32,127.54,11351681,68.09052,68.89755,67.22965,68.07767,127.13440,115.85125,128.51142,128.04785
2016-10-14,128.49,128.95,127.58,127.88,13345292,0,1,128.49,128.95,127.58,127.88,13345292,68.03637,68.84388,67.17552,68.02410,127.08660,115.73685,128.64075,128.03007
2016-10-13,128.21,128.25,126.75,127.82,17139306,0,1,128.21,128.25,126.75,127.82,17139306,67.98186,68.78969,67.12105,67.97013,127.01620,115.62855,128.72825,127.99620
2016-10-12,129.01,129.66,128.46,129.05,11072991,0,1,129.01,129.66,128.46,129.05,11072991,67.92750,68.73602,67.06723,67.91611,126.91000,115.52575,128.84208,127.96051
2016-10-11,130.23,130.64,128.23,128.88,17537928,0,1,130.23,130.64,128.23,128.88,17537928,67.87232,68.68099,67.01177,67.86089,126.79080,115.41015,128.80958,127.87191
2016-10-10,129.68,130.7,129.2,130.24,15138720,0,1,129.68,130.7,129.2,130.24,15138720,67.81594,68.62497,66.95642,67.80572,126.69940,115.29085,128.79633,127.78640
2016-10-07,129.04,129.25,128.33,128.99,12804420,0,1,129.04,129.25,128.33,128.99,12804420,67.75995,68.56879,66.90009,67.74922,126.57340,115.16280,128.59983,127.64261
2016-10-06,128.43,129.06,128.08,128.74,11682729,0,1,128.43,129.06,128.08,128.74,11682729,67.70445,68.51382,66.84445,67.69374,126.49360,115.04540,128.56025,127.54471
2016-10-05,128.25,128.8,127.83,128.47,12386753,0,1,128.25,128.8,127.83,128.47,12386753,67.64939,68.45893,66.78893,67.63840,126.38560,114.92555,128.54867,127.45238
2016-10-04,129.17,129.2765,127.5499,128.19,14307548,0,1,129.17,129.2765,127.5499,128.19,14307548,67.59440,68.40418,66.73354,67.58320,126.24060,114.80340,128.56500,127.36496
2016-10-03,128.38,129.09,127.8,128.77,13156943,0,1,128.38,129.09,127.8,128.77,13156943,67.53847,68.34889,66.67830,67.52815,126.10940,114.69355,128.60817,127.28336
2016-09-30,128.03,128.59,127.45,128.27,18402945,0,1,128.03,128.59,127.45,128.27,18402945,67.48316,68.29367,66.62274,67.47248,125.95400,114.58365,128.57817,127.17293
2016-09-29,129.18,129.29,127.55,128.09,14532241,0,1,129.18,129.29,127.55,128.09,14532241,67.42807,68.23880,66.56739,67.41715,125.80080,114.46505,128.60092,127.07610
2016-09-28,129.21,129.47,128.4,129.23,12047636,0,1,129.21,129.47,128.4,129.23,12047636,67.37183,68.18320,66.51185,67.36190,125.67740,114.34790,128.66433,126.98149
2016-09-27,127.61,129.01,127.43,128.69,15637111,0,1,127.61,129.01,127.43,128.69,15637111,67.31546,68.12733,66.45544,67.30550,125.50500,114.21235,128.60042,126.83541
2016-09-26,127.37,128.16,126.8,127.31,15064940,0,1,127.37,128.16,126.8,127.31,15064940,67.26045,68.07178,66.39980,67.24949,125.31860,114.09600,128.61267,126.70320
2016-09-23,127.56,128.6,127.3,127.96,28326266,0,1,127.56,128.6,127.3,127.96,28326266,67.20555,68.01691,66.34464,67.19464,125.10960,113.98245,128.79075,126.61691
2016-09-22,130.5,130.73,129.56,130.08,15538307,0,1,130.5,130.73,129.56,130.08,15538307,67.15038,67.96153,66.28892,67.13910,124.89620,113.87510,128.87267,126.49676
2016-09-21,129.13,130.005,128.39,129.94,14068336,0,1,129.13,130.005,128.39,129.94,14068336,67.09242,67.90410,66.23104,67.08151,124.63020,113.75275,128.65658,126.28304
2016-09-20,128.65,129.17,128.0307,128.64,11083808,0,1,128.65,129.17,128.0307,128.64,11083808,67.03561,67.84723,66.17411,67.02395,124.39000,113.63395,128.42383,126.06540
2016-09-19,129.91,129.94,128.26,128.65,14958794,0,1,129.91,129.94,128.26,128.65,14958794,66.97914,67.79103,66.11742,66.96747,124.17460,113.51265,128.33608,125.89028
2016-09-16,128.2,129.18,128.2,129.07,24119174,0,1,128.2,129.18,128.2,129.07,24119174,66.92140,67.73401,66.06041,66.91088,123.94640,113.39975,128.21633,125.70583
2016-09-15,127.98,129.1,127.67,128.35,15111838,0,1,127.98,129.1,127.67,128.35,15111838,66.86513,67.67758,66.00334,66.85380,123.68200,113.29000,128.00092,125.49453
2016-09-14,126.89,128.8,126.89,127.77,15720388,0,1,126.89,128.8,126.89,127.77,15720388,66.80896,67.62113,65.94667,66.79728,123.44900,113.16945,127.83492,125.30234
2016-09-13,128.03,128.35,126.66,127.21,18016152,0,1,128.03,128.35,126.66,127.21,18016152,66.75369,67.56485,65.89060,66.74119,123.17360,113.05785,127.71308,125.12209
2016-09-12,125.96,128.76,125.75,128.69,21252752,0,1,125.96,128.76,125.75,128.69,21252752,66.69726,67.50888,65.83464,66.68551,122.91320,112.94885,127.63575,124.95358
2016-09-09,129.71,129.949,127.1,127.1,27100679,0,1,129.71,129.949,127.1,127.1,27100679,66.64264,67.45242,65.77942,66.62836,122.62500,112.83410,127.33067,124.71574
2016-09-08,130.92,131.08,129.81,130.27,15676595,0,1,130.92,131.08,129.81,130.27,15676595,66.58446,67.39477,65.72285,66.57258,122.36620,112.73335,127.19775,124.53010
2016-09-07,130.04,131.98,129.95,131.05,27990796,0,1,130.04,131.98,129.95,131.05,27990796,66.52506,67.33597,65.66368,66.51376,122.01480,112.61860,126.61942,124.20637
2016-09-06,126.67,129.94,126.47,129.73,26278407,0,1,126.67,129.94,126.47,129.73,26278407,66.46636,67.27622,65.60426,66.45412,121.57320,112.49465,125.87900,123.83473
2016-09-02,126.85,126.86,126,126.51,12118773,0,1,126.85,126.86,126,126.51,12118773,66.41066,67.21825,65.54796,66.39558,121.22020,112.38485,125.25500,123.50101
2016-09-01,126.38,126.63,125.6,126.17,13536125,0,1,126.38,126.63,125.6,126.17,13536125,66.35470,67.16303,65.49198,66.33992,120.99160,112.27795,125.01992,123.28460
2016-08-31,125.6,126.22,125.1,126.12,14200636,0,1,125.6,126.22,125.1,126.12,14200636,66.29907,67.10792,65.43628,66.28447,120.74640,112.16730,124.81675,123.07191
2016-08-30,126.6,126.6,125.15,125.84,17804286,0,1,126.6,126.6,125.15,125.84,17804286,66.24406,67.05308,65.38093,66.22896,120.51160,112.05645,124.60950,122.85198
2016-08-29,124.35,126.73,124.35,126.54,15925900,0,1,124.35,126.73,124.35,126.54,15925900,66.18802,66.99779,65.32543,66.17361,120.26220,111.96735,124.43075,122.63324
2016-08-26,124.05,125.19,123.91,124.96,17504825,0,1,124.05,125.19,123.91,124.96,17504825,66.13397,66.94228,65.27058,66.11751,119.99180,111.87970,124.15383,122.37645
2016-08-25,123.12,124.37,123.1,123.89,10730811,0,1,123.12,124.37,123.1,123.89,10730811,66.08009,66.88809,65.21603,66.06277,119.78040,111.79445,124.07600,122.17333
2016-08-24,124.47,124.69,123.09,123.48,12243719,0,1,124.47,124.69,123.09,123.48,12243719,66.02698,66.83457,65.16213,66.00893,119.59460,111.70745,124.13583,122.00488
2016-08-23,124.51,125.09,124.25,124.37,13309452,0,1,124.51,125.09,124.25,124.37,13309452,65.97251,66.78065,65.10815,65.95537,119.42380,111.62553,124.23883,121.84581
2016-08-22,123.33,124.83,123.11,124.15,14386361,0,1,123.33,124.83,123.11,124.15,14386361,65.91791,66.72626,65.05298,65.90088,119.21540,111.54748,124.21992,121.64367
2016-08-19,123.6,124.157,123.28,123.56,11688265,0,1,123.6,124.157,123.28,123.56,11688265,65.86430,66.67201,64.99877,65.84649,119.06480,111.44643,124.22983,121.44425
2016-08-18,124.01,124.26,123.64,123.91,12400816,0,1,124.01,124.26,123.64,123.91,12400816,65.81034,66.61828,64.94430,65.79255,118.96480,111.34153,124.31667,121.26405
2016-08-17,123.66,124.38,122.85,124.37,13794179,0,1,123.66,124.38,122.85,124.37,13794179,65.75590,66.56436,64.88939,65.73819,118.85440,111.23853,124.36883,121.06579
2016-08-16,123.5,123.92,122.78,123.3,14222410,0,1,123.5,123.92,122.78,123.3,14222410,65.70168,66.51023,64.83512,65.68329,118.72220,111.12653,124.35492,120.84431
2016-08-15,124.91,124.92,123.7,123.9,19295130,0,1,124.91,124.92,123.7,123.9,19295130,65.64751,66.45642,64.78082,65.62929,118.63200,111.03443,124.45742,120.66125
2016-08-12,124.7,125,124.18,124.88,12158955,0,1,124.7,125,124.18,124.88,12158955,65.59192,66.40158,64.72555,65.57463,118.52340,110.93593,124.46600,120.45040
2016-08-11,125.2,125.38,124.75,124.9,11729519,0,1,125.2,125.38,124.75,124.9,11729519,65.53642,66.34656,64.66972,65.51894,118.40440,110.83003,124.31975,120.19645
2016-08-10,125.07,125.48,124.54,124.88,10670148,0,1,125.07,125.48,124.54,124.88,10670148,65.48035,66.29108,64.61325,65.46313,118.28200,110.72438,124.13525,119.93693
2016-08-09,125.34,126.09,124.53,125.06,19620967,0,1,125.34,126.09,124.53,125.06,19620967,65.42429,66.23539,64.55688,65.40724,118.16060,110.61093,123.92858,119.67342
2016-08-08,125.25,125.45,124.55,125.26,15233929,0,1,125.25,125.45,124.55,125.26,15233929,65.36787,66.17903,64.50041,65.35107,118.04700,110.48398,123.66233,119.39840
2016-08-05,124.98,125.835,124.6184,125.15,20184035,0,1,124.98,125.835,124.6184,125.15,20184035,65.31143,66.12317,64.44381,65.29460,117.93120,110.34323,123.32200,119.11100
2016-08-04,122.94,124.79,122.51,124.36,21065974,0,1,122.94,124.79,122.51,124.36,21065974,65.25514,66.06684,64.38704,65.23814,117.78600,110.20248,122.92633,118.82221
2016-08-03,123.09,123.92,122.31,122.51,18525332,0,1,123.09,123.92,122.31,122.51,18525332,65.20067,66.01139,64.33216,65.18231,117.65280,110.07303,122.57050,118.55918
2016-08-02,124.06,124.8,122.07,123.09,23968414,0,1,124.06,124.8,122.07,123.09,23968414,65.14595,65.95665,64.27736,65.12812,117.52200,109.94818,122.39817,118.36358
2016-08-01,123.85,124.58,122.86,124.31,25006850,0,1,123.85,124.58,122.86,124.31,25006850,65.09022,65.90098,64.22268,65.07329,117.40720,109.81253,122.11033,118.14072
2016-07-29,124.65,125.84,123.71,123.94,35058803,0,1,124.65,125.84,123.71,123.94,35058803,65.03457,65.84542,64.16715,65.01719,117.25720,109.66133,121.61633,117.86414
2016-07-28,127.52,128.33,123.63,125,78955758,0,1,127.52,128.33,123.63,125,78955758,64.97806,65.78855,64.11071,64.96134,117.13140,109.51223,121.11275,117.59714
2016-07-27,122.42,125,121.51,123.34,52654239,0,1,122.42,125,121.51,123.34,52654239,64.91873,65.72921,64.05425,64.90438,116.97840,109.35853,120.40042,117.28256
2016-07-26,122,122.07,120.75,121.22,17611964,0,1,122,122.07,120.75,121.22,17611964,64.86412,65.67292,63.99968,64.84888,116.88500,109.20803,119.84025,117.02943
2016-07-25,121.39,121.85,117.78,121.63,18487449,0,1,121.39,121.85,117.78,121.63,18487449,64.80981,65.61931,63.94574,64.79530,116.85680,109.06428,119.48492,116.85832
2016-07-22,119.9,121.01,119.31,121,18422410,0,1,119.9,121.01,119.31,121,18422410,64.75597,65.56581,63.89451,64.74122,116.82980,108.91813,119.01633,116.67008
2016-07-21,121.92,122.1,120.25,120.61,17801663,0,1,121.92,122.1,120.25,120.61,17801663,64.70346,65.51301,63.84174,64.68764,116.80020,108.77713,118.57050,116.50538
2016-07-20,121.25,122.2,120.56,121.92,20046452,0,1,121.25,122.2,120.56,121.92,20046452,64.64891,65.45906,63.78796,64.63433,116.79800,108.64413,118.11967,116.35589
2016-07-19,118.99,120.85,118.66,120.61,21541292,0,1,118.99,120.85,118.66,120.61,21541292,64.59490,65.40492,63.73379,64.57967,116.74440,108.49488,117.42825,116.15293
2016-07-18,117.32,119.61,116.89,119.37,20868367,0,1,117.32,119.61,116.89,119.37,20868367,64.54295,65.35197,63.68133,64.52615,116.72200,108.34658,116.80358,116.00045
2016-07-15,117.74,118.28,116.58,116.86,16645964,0,1,117.74,118.28,116.58,116.86,16645964,64.49249,65.30009,63.63046,64.47372,116.69080,108.19838,116.27317,115.89539
2016-07-14,117.5,117.64,116.7,117.29,14579736,0,1,117.5,117.64,116.7,117.29,14579736,64.44154,65.24940,63.57979,64.42359,116.71480,108.04743,116.04167,115.88969
2016-07-13,118.39,118.4,116.68,116.78,16207662,0,1,118.39,118.4,116.68,116.78,16207662,64.39072,65.19921,63.52891,64.37295,116.71760,107.90703,115.72825,115.86725
2016-07-12,118.63,118.72,117.57,117.93,15217700,0,1,118.63,118.72,117.57,117.93,15217700,64.33894,65.14821,63.47795,64.32271,116.75340,107.78698,115.45858,115.86620
2016-07-11,117.71,118.7,117.5,117.87,17711570,0,1,117.71,118.7,117.5,117.87,17711570,64.28684,65.09679,63.42604,64.27126,116.74640,107.66938,115.00717,115.81979
2016-07-08,116.43,117.5,115.85,117.24,18142597,0,1,116.43,117.5,115.85,117.24,18142597,64.23552,65.04530,63.37410,64.21977,116.72360,107.54988,114.52283,115.77483
2016-07-07,116.63,116.97,115.36,115.85,16630201,0,1,116.63,116.97,115.36,115.85,16630201,64.18534,64.99486,63.32364,64.16879,116.55660,107.42848,114.09350,115.74803
2016-07-06,113.36,116.79,112.97,116.7,24337586,0,1,113.36,116.79,112.97,116.7,24337586,64.13486,64.94484,63.27356,64.11905,116.41480,107.32698,113.82750,115.77018
2016-07-05,113.94,114.11,112.97,114,14207037,0,1,113.94,114.11,112.97,114,14207037,64.08744,64.89489,63.22568,64.06839,116.28280,107.21548,113.44058,115.75382
2016-07-01,114.2,115.13,113.81,114.19,14980023,0,1,114.2,115.13,113.81,114.19,14980023,64.03936,64.84743,63.17771,64.02024,116.21400,107.11718,113.39075,115.84064
2016-06-30,114.67,115.18,113.67,114.28,23192716,0,1,114.67,115.18,113.67,114.28,23192716,63.99094,64.79890,63.12884,63.97182,116.19900,107.01348,113.33742,115.91943
2016-06-29,113.37,114.25,113.04,114.16,20968273,0,1,113.37,114.25,113.04,114.16,20968273,63.94198,64.75022,63.08000,63.92321,116.16180,106.90658,113.30850,115.99322
2016-06-28,110.63,112.75,110.55,112.7,26813842,0,1,110.63,112.75,110.55,112.7,26813842,63.89418,64.70235,63.03169,63.87463,116.12440,106.79733,113.32983,116.07026
2016-06-27,111.57,111.57,108.23,108.97,36409606,0,1,111.57,111.57,108.23,108.97,36409606,63.84893,64.65584,62.98569,63.82736,116.07940,106.69408,113.57583,116.20278
2016-06-24,111.01,113.68,111,112.08,40643130,0,1,111.01,113.68,111,112.08,40643130,63.80269,64.61038,62.94185,63.78362,116.09280,106.60913,114.36992,116.48211
2016-06-23,114.37,115.09,113.54,115.08,16176895,0,1,114.37,115.09,113.54,115.08,16176895,63.75690,64.56278,62.89523,63.73677,116.06800,106.50093,114.82850,116.63850
2016-06-22,114.65,114.74,113.61,113.91,14846329,0,1,114.65,114.74,113.61,113.91,14846329,63.70777,64.51373,62.84606,63.68693,115.97660,106.37318,114.94417,116.67366
2016-06-21,114.12,115.2142,113.97,114.38,19166269,0,1,114.12,115.2142,113.97,114.38,19166269,63.65826,64.46492,62.79673,63.63812,115.91060,106.24493,115.24667,116.75212
2016-06-20,113.77,114.72,112.75,113.37,20785390,0,1,113.77,114.72,112.75,113.37,20785390,63.60917,64.41555,62.74695,63.58876,115.80280,106.11378,115.52733,116.80791
2016-06-17,114.42,114.43,112.56,113.02,24644308,0,1,114.42,114.43,112.56,113.02,24644308,63.56033,64.36657,62.69826,63.54029,115.74800,105.99638,115.98433,116.90117
2016-06-16,113.87,114.5,112.94,114.39,19236255,0,1,113.87,114.5,112.94,114.39,19236255,63.51076,64.31777,62.64966,63.49206,115.76040,105.86743,116.53883,117.00864
2016-06-15,115.3,115.44,114.07,114.6,19819432,0,1,115.3,115.44,114.07,114.6,19819432,63.46163,64.26881,62.60060,63.44240,115.74680,105.74263,116.95125,117.06184
2016-06-14,114.07,114.95,113.58,114.94,17618479,0,1,114.07,114.95,113.58,114.94,17618479,63.41100,64.21884,62.55034,63.39244,115.69920,105.62468,117.36325,117.10495
2016-06-13,115,115.48,113.31,113.95,31718239,0,1,115,115.48,113.31,113.95,31718239,63.36148,64.16925,62.50045,63.34206,115.65140,105.49863,117.74133,117.13285
2016-06-10,117.54,118.11,116.26,116.62,18510826,0,1,117.54,118.11,116.26,116.62,18510826,63.31096,64.11905,62.45074,63.29254,115.69360,105.36483,118.27150,117.20122
2016-06-09,118.13,118.68,117.71,118.56,13859240,0,1,118.13,118.68,117.71,118.56,13859240,63.25784,64.06617,62.39804,63.24031,115.64320,105.19673,118.46950,117.16292
2016-06-08,117.76,118.6,117.27,118.39,14505596,0,1,117.76,118.6,117.27,118.39,14505596,63.20405,64.01262,62.34381,63.18607,115.56600,105.01438,118.41742,117.04551
2016-06-07,119.24,119.3,117.67,117.76,17103023,0,1,119.24,119.3,117.67,117.76,17103023,63.15051,63.95905,62.28991,63.13190,115.52100,104.85273,118.37792,116.93300
2016-06-06,118.62,119.43,118.36,118.79,12744676,0,1,118.62,119.43,118.36,118.79,12744676,63.09541,63.90469,62.23551,63.07823,115.43960,104.71673,118.42475,116.84200
2016-06-03,118.975,118.98,117.86,118.47,14135114,0,1,118.975,118.98,117.86,118.47,14135114,63.04081,63.85009,62.18032,63.02345,115.32480,104.59933,118.35133,116.70611
2016-06-02,118.69,135.6,118.22,118.93,13228310,0,1,118.69,135.6,118.22,118.93,13228310,62.98576,63.79583,62.12552,62.96888,115.20620,104.48283,118.33300,116.57812
2016-06-01,118.5,119.08,117.82,118.78,15029494,0,1,118.5,119.08,117.82,118.78,15029494,62.93088,63.72509,62.07025,62.91375,115.07260,104.35783,118.26208,116.42685
2016-05-31,119.46,120.1,118.121,118.81,23547597,0,1,119.46,120.1,118.121,118.81,23547597,62.87608,63.67050,62.01527,62.85865,114.93400,104.23603,118.22425,116.27602
2016-05-27,119.56,119.85,119.01,119.38,13493563,0,1,119.56,119.85,119.01,119.38,13493563,62.82022,63.61479,61.95988,62.80342,114.78680,104.10913,118.18625,116.11825
2016-05-26,118.24,119.7601,117.92,119.47,18481340,0,1,118.24,119.7601,117.92,119.47,18481340,62.76415,63.55922,61.90351,62.74751,114.61960,103.98318,118.07792,115.93157
2016-05-25,118.13,118.665,117.38,117.89,20035494,0,1,118.13,118.665,117.38,117.89,20035494,62.70928,63.50363,61.84810,62.69141,114.47380,103.85393,117.94450,115.73564
2016-05-24,116.24,117.73,116.12,117.7,20183627,0,1,116.24,117.73,116.12,117.7,20183627,62.65441,63.44902,61.79312,62.63676,114.32940,103.73523,118.01000,115.59601
2016-05-23,117.42,117.6,115.94,115.97,20441004,0,1,117.42,117.6,115.94,115.97,20441004,62.60130,63.39522,61.73928,62.58218,114.17320,103.61823,118.09700,115.45770
2016-05-20,116.96,117.99,116.95,117.35,18944831,0,1,116.96,117.99,116.95,117.35,18944831,62.54692,63.34145,61.68551,62.52922,114.04200,103.51398,118.42192,115.38209
2016-05-19,117.05,117.49,115.88,116.81,20544109,0,1,117.05,117.49,115.88,116.81,20544109,62.49288,63.28718,61.63063,62.47478,113.84140,103.40943,118.57625,115.24450
2016-05-18,116.8,118.27,116.73,117.65,21642299,0,1,116.8,118.27,116.73,117.65,21642299,62.43865,63.23330,61.57670,62.42077,113.65540,103.29568,118.79742,115.12079
2016-05-17,118.82,119.01,117.2,117.35,21328648,0,1,118.82,119.01,117.2,117.35,21328648,62.38456,63.17854,61.52182,62.36581,113.42100,103.17813,118.84058,114.95495
2016-05-16,119.38,119.61,117.35,118.67,31247834,0,1,119.38,119.61,117.35,118.67,31247834,62.32835,63.12293,61.46637,62.31105,113.18860,103.06143,118.84967,114.79176
2016-05-13,120.38,120.64,119.68,119.81,18124286,0,1,120.38,120.64,119.68,119.81,18124286,62.27147,63.06661,61.41065,62.25486,112.98300,102.94413,118.62233,114.56874
2016-05-12,119.98,120.84,118.9,120.28,22035465,0,1,119.98,120.84,118.9,120.28,22035465,62.21348,63.00915,61.35250,62.19742,112.77840,102.83003,118.17542,114.29299
2016-05-11,120.41,121.08,119.42,119.52,22038396,0,1,120.41,121.08,119.42,119.52,22038396,62.15577,62.95138,61.29501,62.13939,112.57180,102.70508,117.61275,113.99071
2016-05-10,119.62,120.5,114.8,120.5,23220046,0,1,119.62,120.5,114.8,120.5,23220046,62.09751,62.89325,61.23688,62.08201,112.37780,102.57833,117.08592,113.71062
2016-05-09,119.54,120.28,118.9,119.24,21138059,0,1,119.54,120.28,118.9,119.24,21138059,62.03993,62.83559,61.18327,62.02354,112.10620,102.46058,116.36817,113.38145
2016-05-06,117.16,119.637,117.1127,119.49,26395568,0,1,117.16,119.637,117.1127,119.49,26395568,61.98232,62.77803,61.12543,61.96621,111.87980,102.34158,115.73467,113.09282
2016-05-05,118.04,118.98,117.25,117.81,22056749,0,1,118.04,118.98,117.25,117.81,22056749,61.92697,62.72100,61.06928,61.90851,111.65140,102.22933,114.98783,112.78542
2016-05-04,116.61,118.3,116.57,118.06,23448440,0,1,116.61,118.3,116.57,118.06,23448440,61.87064,62.66451,61.01287,61.85238,111.43280,102.13223,114.39292,112.53533
2016-05-03,117.52,118.16,117.02,117.43,24117463,0,1,117.52,118.16,117.02,117.43,24117463,61.81562,62.60860,60.95704,61.79589,111.18080,102.03148,113.70383,112.26556
2016-05-02,117.83,118.73,116.57,118.57,28095168,0,1,117.83,118.73,116.57,118.57,28095168,61.75958,62.55271,60.90063,61.73992,110.97540,101.91918,113.03667,112.01244
2016-04-29,116.82,117.84,115.84,117.58,37140594,0,1,116.82,117.84,115.84,117.58,37140594,61.70312,62.49614,60.84457,61.68269,110.69540,101.78058,112.14717,111.70363
2016-04-28,119.575,120.79,116.23,116.73,87110080,0,1,119.575,120.79,116.23,116.73,87110080,61.64755,62.44035,60.78913,61.62634,110.41320,101.64148,111.32350,111.42258
2016-04-27,107.94,108.94,106.31,108.89,52213107,0,1,107.94,108.94,106.31,108.89,52213107,61.58910,62.38147,60.73319,61.57074,110.18260,101.50623,110.58033,111.16582
2016-04-26,110.49,110.5,108.15,108.76,22521534,0,1,110.49,110.5,108.15,108.76,22521534,61.54228,62.33444,60.68715,61.52294,110.03700,101.41228,110.85733,111.21080
2016-04-25,109.87,110.67,109.07,110.1,21017895,0,1,109.87,110.67,109.07,110.1,21017895,61.49279,62.28574,60.63916,61.47518,109.90200,101.30823,111.17942,111.25558
2016-04-22,111.21,111.75,109.01,110.56,38458201,0,1,111.21,111.75,109.01,110.56,38458201,61.44382,62.23676,60.59014,61.42596,109.73820,101.18713,111.35442,111.24140
2016-04-21,112.55,114.04,112.31,113.44,20875230,0,1,112.55,114.04,112.31,113.44,20875230,61.39340,62.18660,60.54108,61.37618,109.54700,101.06258,111.51775,111.20167
2016-04-20,112.43,113.27,111.56,112.42,21027901,0,1,112.43,113.27,111.56,112.42,21027901,61.34152,62.13401,60.48858,61.32338,109.26900,100.93148,111.32658,111.03810
2016-04-19,111.1,112.45,109.16,112.29,30210455,0,1,111.1,112.45,109.16,112.29,30210455,61.28965,62.08209,60.43673,61.27151,109.01560,100.80713,111.28192,110.90460
2016-04-18,109.74,110.81,109.2,110.45,21167199,0,1,109.74,110.81,109.2,110.45,21167199,61.23903,62.03091,60.38722,61.21966,108.85120,100.68210,111.28558,110.76974
2016-04-15,110.79,110.97,109.2,109.64,20922803,0,1,110.79,110.97,109.2,109.64,20922803,61.18969,61.98128,60.33756,61.16958,108.85200,100.56440,111.54625,110.70707
2016-04-14,110.62,112.04,110.26,110.84,28473322,0,1,110.62,112.04,110.26,110.84,28473322,61.13918,61.93140,60.28780,61.12022,108.91300,100.44503,111.93658,110.67856
2016-04-13,112.23,112.65,106.52,110.51,88227393,0,1,112.23,112.65,106.52,110.51,88227393,61.08874,61.88032,60.23686,61.06953,108.98840,100.31983,112.19108,110.60595
2016-04-12,109.34,111.1645,108.99,110.61,26248081,0,1,109.34,111.1645,108.99,110.61,26248081,61.03656,61.82851,60.18963,61.01908,109.08000,100.20733,112.50133,110.54987
2016-04-11,110.7,110.91,108.77,108.99,39762304,0,1,110.7,110.91,108.77,108.99,39762304,60.98722,61.77812,60.13979,60.96843,109.11200,100.09418,112.80942,110.49113
2016-04-08,114.25,114.33,109.9,110.63,48497808,0,1,114.25,114.33,109.9,110.63,48497808,60.93639,61.72788,60.09006,60.91933,109.11440,99.99352,113.34050,110.49601
2016-04-07,113.79,114.89,113.0663,113.64,20714537,0,1,113.79,114.89,113.0663,113.64,20714537,60.88182,61.67404,60.03908,60.86845,108.79080,99.87978,113.66983,110.42388
2016-04-06,112.47,113.81,112.42,113.71,20814640,0,1,112.47,113.81,112.42,113.71,20814640,60.82761,61.61952,59.98475,60.81438,108.46480,99.73528,113.61075,110.22093
2016-04-05,112.11,113.32,111.9,112.22,22962365,0,1,112.11,113.32,111.9,112.22,22962365,60.77464,61.56599,59.93097,60.76013,108.13080,99.57928,113.51758,110.00214
2016-04-04,114.07,114.55,111.61,112.55,48487913,0,1,114.07,114.55,111.61,112.55,48487913,60.72194,61.51285,59.87761,60.70729,107.84520,99.43270,113.59125,109.83058
2016-04-01,113.75,116.17,113.35,116.06,24760504,0,1,113.75,116.17,113.35,116.06,24760504,60.66711,61.45834,59.82444,60.65401,107.47740,99.27890,113.59750,109.63165
2016-03-31,114.7,115.01,113.7682,114.1,21207526,0,1,114.7,115.01,113.7682,114.1,21207526,60.61250,61.40206,59.76938,60.59701,107.04320,99.10390,113.09217,109.27805
2016-03-30,116.73,116.99,114.355,114.7,33235184,0,1,116.73,116.99,114.355,114.7,33235184,60.55680,61.34685,59.71377,60.54191,106.66640,98.93695,112.77692,108.98654
2016-03-29,113.83,116.32,113.64,116.14,29825340,0,1,113.83,116.32,113.64,116.14,29825340,60.49889,61.28948,59.65743,60.48608,106.27180,98.77110,112.31358,108.65602
2016-03-28,113.32,114.5889,112.95,113.69,21351751,0,1,113.32,114.5889,112.95,113.69,21351751,60.44385,61.23269,59.60172,60.42864,105.91640,98.59955,111.58350,108.25510
2016-03-24,112.13,113.09,111.68,113.05,17839119,0,1,112.13,113.09,111.68,113.05,17839119,60.38922,61.17757,59.54661,60.37362,105.55140,98.44190,111.11550,107.93594
2016-03-23,112.01,113.19,112,112.54,18561974,0,1,112.01,113.19,112,112.54,18561974,60.33572,61.12389,59.49270,60.31914,105.27780,98.28000,110.69858,107.63115
2016-03-22,111.36,112.88,111.17,112.25,19001076,0,1,111.36,112.88,111.17,112.25,19001076,60.28222,61.06999,59.43834,60.26509,104.97720,98.12065,110.32383,107.33456
2016-03-21,111.66,112.37,111.03,111.85,18447974,0,1,111.66,112.37,111.03,111.85,18447974,60.22929,61.01630,59.38474,60.21122,104.67880,97.97010,109.96508,107.03765
2016-03-18,111.56,112.42,110.27,111.45,36256877,0,1,111.56,112.42,110.27,111.45,36256877,60.17594,60.96303,59.33116,60.15765,104.40020,97.82110,109.61525,106.74551
2016-03-17,112.15,112.69,110.73,111.02,24241247,0,1,112.15,112.69,110.73,111.02,24241247,60.12258,60.90959,59.27827,60.10439,104.23060,97.67605,109.28600,106.46239
2016-03-16,110.49,112.5,110.1,112.18,24744778,0,1,110.49,112.5,110.1,112.18,24744778,60.06850,60.85577,59.22478,60.05146,104.06480,97.52318,108.98592,106.18964
2016-03-15,109.11,110.83,108.84,110.67,17618460,0,1,109.11,110.83,108.84,110.67,17618460,60.01603,60.80203,59.17184,59.99721,103.86560,97.36373,108.49667,105.86358
2016-03-14,109.28,110.33,108.77,109.89,17249365,0,1,109.28,110.33,108.77,109.89,17249365,59.96489,60.74992,59.12011,59.94443,103.74540,97.20633,108.15275,105.59203
2016-03-11,108.48,109.42,107.92,109.41,20697553,0,1,108.48,109.42,107.92,109.41,20697553,59.91347,60.69822,59.06833,59.89235,103.67200,97.05760,107.88358,105.34819
2016-03-10,107.91,108.66,105.7699,107.32,24854284,0,1,107.91,108.66,105.7699,107.32,24854284,59.86278,60.64736,59.01734,59.84066,103.62900,96.91330,107.63408,105.12148
2016-03-09,106.7,107.51,105.49,107.51,20493305,0,1,106.7,107.51,105.49,107.51,20493305,59.81257,60.59719,58.96849,59.79105,103.60120,96.77338,107.61375,104.97565
2016-03-08,104.78,107.37,104.4,105.93,25204666,0,1,104.78,107.37,104.4,105.93,25204666,59.76352,60.54812,58.91982,59.74113,103.55140,96.63853,107.55042,104.82041
2016-03-07,108.07,108.07,104.72,105.73,31534055,0,1,108.07,108.07,104.72,105.73,31534055,59.71639,60.49909,58.87220,59.69277,103.52540,96.51128,107.64858,104.72611
2016-03-04,110.05,110.05,107.93,108.39,24938858,0,1,110.05,110.05,107.93,108.39,24938858,59.66570,60.44922,58.82414,59.64451,103.52100,96.38538,107.74075,104.63948
2016-03-03,110.25,110.3,108.54,109.58,21353092,0,1,110.25,110.3,108.54,109.58,21353092,59.61283,60.39718,58.77261,59.59336,103.44860,96.24658,107.44642,104.44570
2016-03-02,109.68,110.55,108.77,109.95,25670170,0,1,109.68,110.55,108.77,109.95,25670170,59.55964,60.34476,58.72034,59.54085,103.33780,96.10307,106.93183,104.20091
2016-03-01,107.83,109.82,107.6,109.82,26817309,0,1,107.83,109.82,107.6,109.82,26817309,59.50694,60.29197,58.66771,59.48785,103.26320,95.95542,106.28425,103.93868
2016-02-29,107.6,108.9101,106.75,106.92,32778992,0,1,107.6,108.9101,106.75,106.92,32778992,59.45607,60.23983,58.61620,59.43487,103.20260,95.81317,105.56900,103.67918
2016-02-26,108.7,109.45,107.16,107.92,26686193,0,1,108.7,109.45,107.16,107.92,26686193,59.40534,60.18854,58.56548,59.38483,103.15520,95.67077,105.19250,103.53154
2016-02-25,107.11,108.07,105.61,108.07,29906278,0,1,107.11,108.07,105.61,108.07,29906278,59.35334,60.13658,58.51422,59.33363,103.09000,95.51847,104.71242,103.34213
2016-02-24,104.21,106.95,102.74,106.88,34412437,0,1,104.21,106.95,102.74,106.88,34412437,59.30291,60.08597,58.46449,59.28217,102.97100,95.36817,104.25208,103.14216
2016-02-23,106.85,107.47,105.12,105.46,25319315,0,1,106.85,107.47,105.12,105.46,25319315,59.25544,60.03643,58.41769,59.23185,102.94180,95.22632,104.00492,102.98773
2016-02-22,105.49,108.25,105.34,107.16,35709714,0,1,105.49,108.25,105.34,107.16,35709714,59.20508,59.98623,58.36827,59.18293,102.92460,95.09115,104.01550,102.88830
2016-02-19,102.55,105.02,102.06,104.57,32404516,0,1,102.55,105.02,102.06,104.57,32404516,59.15605,59.93510,58.31851,59.13211,102.91120,94.94585,103.85567,102.72168
2016-02-18,105.8,106,103.03,103.47,29593508,0,1,105.8,106,103.03,103.47,29593508,59.11003,59.88729,58.27212,59.08393,102.93200,94.81080,104.05742,102.65744
2016-02-17,101.94,105.72,100.4,105.2,44073369,0,1,101.94,105.72,100.4,105.2,44073369,59.06047,59.83834,58.22461,59.03681,102.98620,94.68750,104.32150,102.63847
2016-02-16,103.8,103.93,100.24,101.61,45687224,0,1,103.8,103.93,100.24,101.61,45687224,59.01490,59.78958,58.17979,58.98775,102.96980,94.55645,104.30383,102.55101
2016-02-12,103.74,104.24,101.09,102.01,36176760,0,1,103.74,104.24,101.09,102.01,36176760,58.96725,59.74263,58.13504,58.94241,103.05900,94.44225,104.69658,102.60784
2016-02-11,99.6,105.11,98.88,101.91,43670634,0,1,99.6,105.11,98.88,101.91,43670634,58.91957,59.69524,58.08930,58.89654,103.16120,94.33452,105.00542,102.65298
2016-02-10,101.55,103.25,100.24,101,45179370,0,1,101.55,103.25,100.24,101,45179370,58.87620,59.64682,58.04581,58.85069,103.20780,94.22837,105.26217,102.70387
2016-02-09,97.14,102.4,96.82,99.54,62709018,0,1,97.14,102.4,96.82,99.54,62709018,58.83066,59.60029,58.00078,58.80570,103.29680,94.13292,105.57725,102.79395
2016-02-08,100.41,102.68,97.46,99.75,71229746,0,1,100.41,102.68,97.46,99.75,71229746,58.78973,59.55456,57.95931,58.76218,103.41420,94.04287,106.03917,102.94587
2016-02-05,109.51,109.58,103.18,104.07,76894741,0,1,109.51,109.58,103.18,104.07,76894741,58.74522,59.50844,57.91706,58.71835,103.53400,93.95617,106.43500,103.09427
2016-02-04,111.8,111.94,109.25,110.49,38890199,0,1,111.8,111.94,109.25,110.49,38890199,58.69087,59.45483,57.86860,58.66979,103.59160,93.85897,106.24333,103.07551
2016-02-03,115.27,115.3407,109.75,112.69,56919324,0,1,115.27,115.3407,109.75,112.69,56919324,58.63394,59.39857,57.81353,58.61425,103.52820,93.72462,105.12375,102.80249
2016-02-02,114.8,117.59,113.2,114.61,59778571,0,1,114.8,117.59,113.2,114.61,59778571,58.57317,59.33855,57.75780,58.55623,103.39960,93.57662,103.61817,102.43816
2016-02-01,112.27,115.72,112.01,115.09,46132726,0,1,112.27,115.72,112.01,115.09,46132726,58.51278,59.27598,57.69825,58.49602,103.26280,93.40745,101.73008,101.99318
2016-01-29,108.99,112.84,108.84,112.21,62739548,0,1,108.99,112.84,108.84,112.21,62739548,58.45498,59.21529,57.63985,58.43516,103.06360,93.24355,99.63400,101.52155
2016-01-28,107.2,110.34,104.81,109.11,107475327,0,1,107.2,110.34,104.81,109.11,107475327,58.40058,59.15757,57.58474,58.37728,102.90020,93.09603,97.77883,101.15646
2016-01-27,97.79,97.85,94.23,94.45,58699359,0,1,97.79,97.85,94.23,94.45,58699359,58.34799,59.10241,57.53385,58.32261,102.79700,92.96805,96.26000,100.90889
2016-01-26,97.76,97.88,95.66,97.34,26877080,0,1,97.76,97.88,95.66,97.34,26877080,58.30545,59.06061,57.49426,58.28364,103.06840,92.91085,96.64267,101.24687
2016-01-25,98.72,99.48,96.93,97.01,32482015,0,1,98.72,99.48,96.93,97.01,32482015,58.26284,59.01869,57.45305,58.24146,103.30180,92.83435,96.70475,101.48067
2016-01-22,96.41,98.07,95.49,97.94,30495387,0,1,96.41,98.07,95.49,97.94,30495387,58.21910,58.97495,57.41037,58.19955,103.51980,92.76015,96.87183,101.73595
2016-01-21,94.91,95.99,92.62,94.16,30518939,0,1,94.91,95.99,92.62,94.16,30518939,58.17777,58.93264,57.36916,58.15654,103.69080,92.68182,96.99167,101.96147
2016-01-20,92.83,95,89.37,94.35,59051429,0,1,92.83,95,89.37,94.35,59051429,58.13797,58.89249,57.33097,58.11753,103.94950,92.62263,97.69317,102.34538
2016-01-19,96.53,97.42,93.92,95.26,30998256,0,1,96.53,97.42,93.92,95.26,30998256,58.10035,58.85333,57.29622,58.07824,104.23770,92.56308,98.46742,102.73313
2016-01-15,93.98,96.38,93.54,94.97,46132781,0,1,93.98,96.38,93.54,94.97,46132781,58.05862,58.81145,57.25645,58.03786,104.41130,92.49455,99.20925,103.09200
2016-01-14,95.85,98.87,92.45,98.37,48658623,0,1,95.85,98.87,92.45,98.37,48658623,58.01957,58.77062,57.21701,57.99772,104.56350,92.42803,100.06783,103.46822
2016-01-13,100.58,100.58,95.21,95.44,33410553,0,1,100.58,100.58,95.21,95.44,33410553,57.97841,58.72698,57.17867,57.95379,104.66230,92.34725,100.56092,103.71498
2016-01-12,99,99.96,97.55,99.37,28395390,0,1,99,99.96,97.55,99.37,28395390,57.93200,58.68139,57.13725,57.91296,104.79290,92.28603,101.49800,104.08176
2016-01-11,97.91,98.6,95.39,97.51,29932385,0,1,97.91,98.6,95.39,97.51,29932385,57.88722,58.63638,57.09317,57.86775,104.90310,92.20568,101.98275,104.29874
2016-01-08,99.88,100.5,97.0311,97.33,35402298,0,1,99.88,100.5,97.0311,97.33,35402298,57.84352,58.59275,57.05137,57.82447,105.03690,92.13318,102.77258,104.59391
2016-01-07,100.5,101.43,97.3,97.92,45172906,0,1,100.5,101.43,97.3,97.92,45172906,57.79758,58.54695,57.00767,57.78129,105.16430,92.06113,103.66375,104.90114
2016-01-06,101.13,103.77,100.9,102.97,25096183,0,1,101.13,103.77,100.9,102.97,25096183,57.75086,58.50003,56.96359,57.73738,105.28130,91.99808,104.53642,105.18982
2016-01-05,102.89,103.7099,101.665,102.73,23258238,0,1,102.89,103.7099,101.665,102.73,23258238,57.70335,58.45045,56.91547,57.68783,105.26570,91.90538,104.79192,105.27985
2016-01-04,101.95,102.24,99.75,102.22,37912403,0,1,101.95,102.24,99.75,102.22,37912403,57.65380,58.40082,56.86640,57.63845,105.20450,91.81073,105.07233,105.37689
2015-12-31,106,106.17,104.62,104.66,18391064,0,1,106,106.17,104.62,104.66,18391064,57.60518,58.35270,56.81933,57.58951,105.10230,91.71338,105.44317,105.48992
2015-12-30,107,107.25,106.06,106.22,13115007,0,1,107,107.25,106.06,106.22,13115007,57.55200,58.30015,56.76680,57.53778,104.94910,91.59463,105.50850,105.50125
2015-12-29,106.42,107.74,106.25,107.26,17179901,0,1,106.42,107.74,106.25,107.26,17179901,57.49760,58.24630,56.71257,57.48423,104.79410,91.46035,105.38108,105.44534
2015-12-28,105.02,105.98,104.53,105.93,13069733,0,1,105.02,105.98,104.53,105.93,13069733,57.44372,58.19179,56.65801,57.42941,104.59970,91.31440,105.10992,105.34101
2015-12-24,104.74,105.32,104.5,105.02,6512134,0,1,104.74,105.32,104.5,105.02,6512134,57.39127,58.13911,56.60523,57.37594,104.40030,91.17500,105.00708,105.28102
2015-12-23,105.89,106.11,103.86,104.63,19599673,0,1,105.89,106.11,103.86,104.63,19599673,57.33900,58.08703,56.55237,57.32335,104.18130,91.04455,105.01267,105.24813
2015-12-22,105.22,105.6601,104.81,105.51,14597122,0,1,105.22,105.6601,104.81,105.51,14597122,57.28536,58.03397,56.50009,57.27108,103.97110,90.90925,105.07900,105.22229
2015-12-21,104.91,105.15,103.6,104.77,16138786,0,1,104.91,105.15,103.6,104.77,16138786,57.23233,57.98128,56.44665,57.21771,103.74610,90.76945,105.04875,105.15312
2015-12-18,106.08,106.59,103.97,104.04,35994199,0,1,106.08,106.59,103.97,104.04,35994199,57.17953,57.92905,56.39444,57.16505,103.51550,90.64280,105.10658,105.10393
2015-12-17,107.49,107.75,106.13,106.22,21675686,0,1,107.49,107.75,106.13,106.22,21675686,57.12532,57.87510,56.34169,57.11309,103.28410,90.52262,105.26742,105.07428
2015-12-16,105.37,107.09,104.19,106.79,22680547,0,1,105.37,107.09,104.19,106.79,22680547,57.06942,57.81974,56.28643,57.05858,103.00770,90.39758,105.14900,104.94831
2015-12-15,105.3,105.8,104.28,104.55,21764331,0,1,105.3,105.8,104.28,104.55,21764331,57.01575,57.76500,56.23321,57.00333,102.72790,90.26810,104.95058,104.78901
2015-12-14,102.285,104.74,101.46,104.66,24813496,0,1,102.285,104.74,101.46,104.66,24813496,56.96205,57.71157,56.17976,56.95044,102.51710,90.14335,105.05217,104.70929
2015-12-11,104.15,104.34,101.91,102.12,26427727,0,1,104.15,104.34,101.91,102.12,26427727,56.91157,57.65920,56.12934,56.89731,102.26530,90.01880,105.16217,104.61538
2015-12-10,105.05,106.4,104.41,105.42,17454312,0,1,105.05,106.4,104.41,105.42,17454312,56.85891,57.60716,56.07830,56.84689,102.04190,89.90305,105.62417,104.61232
2015-12-09,106.18,106.44,103.55,104.6,23517268,0,1,106.18,106.44,103.55,104.6,23517268,56.80513,57.55270,56.02436,56.79268,101.72810,89.77800,105.69325,104.46754
2015-12-08,104,106.91,103.95,106.49,20401791,0,1,104,106.91,103.95,106.49,20401791,56.74996,57.49808,55.97126,56.73927,101.36950,89.65280,105.86925,104.34085
2015-12-07,106.48,106.83,104.66,105.61,15474890,0,1,106.48,106.83,104.66,105.61,15474890,56.69711,57.44281,55.91759,56.68362,101.02390,89.51260,105.78858,104.12649
2015-12-04,104.81,107.73,104.11,106.18,21224721,0,1,104.81,107.73,104.11,106.18,21224721,56.64136,57.38750,55.86301,56.62883,100.76710,89.37875,105.80408,103.93658
2015-12-03,106.27,106.85,103.35,104.38,23236485,0,1,106.27,106.85,103.35,104.38,23236485,56.58736,57.33106,55.80892,56.57328,100.53170,89.24733,105.76367,103.71507
2015-12-02,107,107.92,105.79,106.07,24429063,0,1,107,107.92,105.79,106.07,24429063,56.53160,57.27549,55.75556,56.51962,100.32350,89.12253,105.98683,103.55600
2015-12-01,104.83,107.15,104.5,107.12,22781868,0,1,104.83,107.15,104.5,107.12,22781868,56.47489,57.21858,55.69934,56.46395,100.06130,88.97573,106.01408,103.32036
2015-11-30,105.84,106.0999,103.75,104.24,20383179,0,1,105.84,106.0999,103.75,104.24,20383179,56.42050,57.16242,55.64445,56.40697,99.82990,88.81813,105.90483,103.03447
2015-11-27,105.78,105.96,104.86,105.45,5913066,0,1,105.78,105.96,104.86,105.45,5913066,56.36485,57.10731,55.59028,56.35310,99.63310,88.67563,106.17938,102.85381
2015-11-25,106.33,106.6,105.1,105.41,15150785,0,1,106.33,106.6,105.1,105.41,15150785,56.30914,57.05223,55.53473,56.29775,99.41090,88.52953,106.33025,102.61698
2015-11-24,106,106.49,104.39,105.74,23577293,0,1,106,106.49,104.39,105.74,23577293,56.25268,56.99631,55.47879,56.24232,99.17170,88.38503,106.47388,102.37235
2015-11-23,107.19,107.468,106.08,106.95,19897220,0,1,107.19,107.468,106.08,106.95,19897220,56.19647,56.94038,55.42352,56.18639,98.91490,88.23228,106.54992,102.10469
2015-11-20,106.84,107.87,106.62,107.32,22129648,0,1,106.84,107.87,106.62,107.32,22129648,56.13878,56.88322,55.36622,56.12896,98.62210,88.06972,106.44438,101.77811
2015-11-19,107.36,107.73,105.95,106.26,25520599,0,1,107.36,107.73,105.95,106.26,25520599,56.08136,56.82548,55.30817,56.07099,98.31670,87.90547,106.24800,101.42504
2015-11-18,105.8,107.88,105.39,107.77,23836526,0,1,105.8,107.88,105.39,107.77,23836526,56.02322,56.76777,55.25075,56.01409,98.03110,87.75225,106.17263,101.10234
2015-11-17,104.62,106.2,104.14,105.13,26774146,0,1,104.62,106.2,104.14,105.13,26774146,55.96672,56.70975,55.19384,55.95534,97.68450,87.59155,105.87875,100.70683
2015-11-16,103.32,104.17,100.47,104.04,49309167,0,1,103.32,104.17,100.47,104.04,49309167,55.91144,56.65351,55.13822,55.89946,97.37250,87.44290,105.90296,100.40261
2015-11-13,107.71,108.25,103.83,103.95,30278403,0,1,107.71,108.25,103.83,103.95,30278403,55.85750,56.59945,55.08665,55.84469,97.05690,87.29765,106.06117,100.12876
2015-11-12,108.48,109.39,108,108.02,20924674,0,1,108.48,109.39,108,108.02,20924674,55.79844,56.54063,55.03113,55.78990,96.74090,87.15745,106.21596,99.84605
2015-11-11,108.27,109.87,107.11,109.01,25057099,0,1,108.27,109.87,107.11,109.01,25057099,55.73837,56.48037,54.97074,55.73035,96.37830,87.00735,105.79242,99.38952
2015-11-10,105.96,108.15,105.24,107.91,25031681,0,1,105.96,108.15,105.24,107.91,25031681,55.67841,56.41942,54.91122,55.66952,95.94270,86.84350,105.14596,98.87707
2015-11-09,107,108.25,105.86,106.49,26383540,0,1,107,108.25,105.86,106.49,26383540,55.62094,56.36030,54.85370,55.60982,95.57310,86.68285,104.54608,98.39327
2015-11-06,108.04,108.74,105.91,107.095,35084342,0,1,108.04,108.74,105.91,107.095,35084342,55.56216,56.30093,54.79534,55.55161,95.26350,86.53788,104.05688,97.95302
2015-11-05,108.8,110.65,107.95,108.76,63232861,0,1,108.8,110.65,107.95,108.76,63232861,55.50204,56.24086,54.73679,55.49256,94.91620,86.39155,103.41242,97.47542
2015-11-04,103.19,104.14,102.48,103.94,43469308,0,1,103.19,104.14,102.48,103.94,43469308,55.44092,56.17846,54.67576,55.43148,94.48480,86.23600,102.45317,96.91561
2015-11-03,103.22,103.65,102.4,102.58,21242341,0,1,103.22,103.65,102.4,102.58,21242341,55.38610,56.12340,54.62088,55.37578,94.06600,86.10000,102.01417,96.52839
2015-11-02,102.46,103.47,101.18,103.31,24003944,0,1,102.46,103.47,101.18,103.31,24003944,55.33112,56.06877,54.56596,55.32153,93.65620,85.96830,101.67467,96.17844
2015-10-30,104.51,104.72,101.65,101.97,33487104,0,1,104.51,104.72,101.65,101.97,33487104,55.27689,56.01422,54.51232,55.26630,93.31120,85.82765,101.16850,95.78633
2015-10-29,103.96,105.12,103.52,104.88,20316691,0,1,103.96,105.12,103.52,104.88,20316691,55.22017,55.95811,54.45801,55.21250,93.08300,85.68805,100.75708,95.43782
2015-10-28,103.9,104.48,102.92,104.2,24081515,0,1,103.9,104.48,102.92,104.2,24081515,55.16395,55.90141,54.40142,55.15521,92.89160,85.54505,99.87850,94.96769
2015-10-27,102.94,104.1,102.4,103.7,23795472,0,1,102.94,104.1,102.4,103.7,23795472,55.10767,55.84531,54.34540,55.09858,92.71100,85.40630,98.98658,94.51714
2015-10-26,102.2,103.81,101.55,103.77,25961212,0,1,102.2,103.81,101.55,103.77,25961212,55.05237,55.78953,54.28984,55.04239,92.51560,85.27140,98.06633,94.07853
2015-10-23,101.91,102.85,100.16,102.19,42809661,0,1,101.91,102.85,100.16,102.19,42809661,54.99780,55.73395,54.23514,54.98599,92.32860,85.14125,97.05600,93.62985
2015-10-22,97.79,99.73,97.55,99.67,26392075,0,1,97.79,99.73,97.55,99.67,26392075,54.94345,55.67935,54.18193,54.93130,92.15340,85.02118,96.15883,93.23626
2015-10-21,97.37,98.18,96.47,97.11,22003730,0,1,97.37,98.18,96.47,97.11,22003730,54.89374,55.62825,54.13162,54.87939,92.04380,84.90358,95.50400,92.93719
2015-10-20,98.73,99.59,96.56,97,30881777,0,1,98.73,99.59,96.56,97,30881777,54.84441,55.57883,54.08244,54.83035,91.97400,84.79878,95.10767,92.73578
2015-10-19,97.18,98.57,96.92,98.47,23729924,0,1,97.18,98.57,96.92,98.47,23729924,54.79338,55.52765,54.03305,54.78131,91.91700,84.69973,94.63900,92.53645
2015-10-16,96.18,97.59,95.35,97.54,25412856,0,1,96.18,97.59,95.35,97.54,25412856,54.74403,55.47754,53.98313,54.73045,91.83360,84.59963,93.90942,92.27620
2015-10-15,94.99,96.3,94.9,95.96,27557516,0,1,94.99,96.3,94.9,95.96,27557516,54.69574,55.42846,53.93491,54.68056,91.78520,84.50203,93.25633,92.05052
2015-10-14,94.08,95.2,93.61,94.07,19253351,0,1,94.08,95.2,93.61,94.07,19253351,54.64872,55.38077,53.88711,54.63239,91.79480,84.41833,92.78783,91.88718
2015-10-13,93.66,95.37,93.55,94.12,19480347,0,1,93.66,95.37,93.55,94.12,19480347,54.60266,55.33425,53.84071,54.58632,91.79460,84.34808,92.55475,91.79795
2015-10-12,93.32,94.6,92.67,94.26,18449562,0,1,93.32,94.6,92.67,94.26,18449562,54.55697,55.28743,53.79426,54.54008,91.79500,84.28135,92.30575,91.70677
2015-10-09,92.9,93.74,92.239,93.24,20012911,0,1,92.9,93.74,92.239,93.24,20012911,54.51158,55.24139,53.74874,54.49357,91.79000,84.21390,92.05000,91.60991
2015-10-08,91.89,93.22,90.47,92.47,27290523,0,1,91.89,93.22,90.47,92.47,27290523,54.46658,55.19626,53.70362,54.44815,91.82940,84.15075,91.93142,91.55459
2015-10-07,93.11,93.66,91.37,92.4,24129277,0,1,93.11,93.66,91.37,92.4,24129277,54.42266,55.15163,53.66046,54.40352,91.91980,84.09565,91.92467,91.53301
2015-10-06,94.08,94.17,92.34,92.8,22488275,0,1,94.08,94.17,92.34,92.8,22488275,54.37720,55.10638,53.61615,54.35887,91.97760,84.03305,91.93542,91.51645
2015-10-05,92.94,94.27,92.66,94.01,27292517,0,1,92.94,94.27,92.66,94.01,27292517,54.33049,55.06042,53.57060,54.31364,92.00500,83.96105,91.89700,91.48527
2015-10-02,88.9,92.2,88.37,92.07,37881652,0,1,88.9,92.2,88.37,92.07,37881652,54.28501,55.01424,53.52455,54.26689,92.06380,83.87155,91.69317,91.40895
2015-10-01,90.05,90.95,88.36,90.95,29283652,0,1,90.05,90.95,88.36,90.95,29283652,54.24419,54.97039,53.48346,54.22231,92.13120,83.78465,91.73167,91.41135
2015-09-30,88.44,90.02,88.01,89.73,35159225,0,1,88.44,90.02,88.01,89.73,35159225,54.20192,54.92791,53.44229,54.17895,92.25300,83.71485,91.91875,91.46245
2015-09-29,89.1,90.06,85.72,86.67,42281838,0,1,89.1,90.06,85.72,86.67,42281838,54.16145,54.88643,53.40143,54.13692,92.42620,83.65535,92.26425,91.56818
2015-09-28,92.08,92.29,88.18,89.21,40914897,0,1,92.08,92.29,88.18,89.21,40914897,54.12010,54.84481,53.36318,54.09842,92.65100,83.61065,93.01608,91.80273
2015-09-25,95.79,95.85,92.06,92.77,28961622,0,1,95.79,95.85,92.06,92.77,28961622,54.07512,54.80044,53.32193,54.05682,92.76620,83.54550,93.44250,91.94219
2015-09-24,93.06,94.765,92.24,94.41,29105964,0,1,93.06,94.765,92.24,94.41,29105964,54.02564,54.75174,53.27597,54.01090,92.72780,83.46585,93.38542,91.94053
2015-09-23,93.4,94.32,92.8,93.97,21701427,0,1,93.4,94.32,92.8,93.97,21701427,53.97928,54.70422,53.22970,53.96292,92.63480,83.37640,93.08567,91.87092
2015-09-22,93.77,94.68,91.92,92.96,36888893,0,1,93.77,94.68,91.92,92.96,36888893,53.93241,54.65712,53.18265,53.91535,92.54900,83.28835,92.78475,91.81519
2015-09-21,94.62,96.49,94.52,95.55,28789973,0,1,94.62,96.49,94.52,95.55,28789973,53.88498,54.60947,53.13653,53.86887,92.49180,83.19975,92.58067,91.79683
2015-09-18,93.2,95.19,93.05,94.4,62299984,0,1,93.2,95.19,93.05,94.4,62299984,53.83643,54.55955,53.08721,53.81919,92.33980,83.09640,92.01500,91.67094
2015-09-17,93.37,95.51,92.9,94.34,27841803,0,1,93.37,95.51,92.9,94.34,27841803,53.78946,54.51107,53.03952,53.77076,92.16940,83.00170,91.55417,91.58347
2015-09-16,92.9,93.6,92.63,93.45,16321193,0,1,92.9,93.6,92.63,93.45,16321193,53.74217,54.46209,52.99189,53.72229,91.99560,82.90550,91.04125,91.49153
2015-09-15,92.37,93.25,91.79,92.9,18859351,0,1,92.37,93.25,91.79,92.9,18859351,53.69533,54.41527,52.94448,53.67477,91.87100,82.82675,90.55250,91.42961
2015-09-14,92.31,92.62,91.6,92.31,20127871,0,1,92.31,92.62,91.6,92.31,20127871,53.64901,54.36876,52.89796,53.62779,91.76400,82.75035,90.04242,91.38506
2015-09-11,91.68,92.08,91.13,92.05,21185049,0,1,91.68,92.08,91.13,92.05,21185049,53.60265,54.32290,52.85155,53.58141,91.66350,82.66695,89.55400,91.35971
2015-09-10,90.07,92.06,89.63,91.98,26437398,0,1,90.07,92.06,89.63,91.98,26437398,53.55694,54.27757,52.80560,53.53523,91.56070,82.57675,89.08567,91.34052
2015-09-09,90.78,91.98,90.17,90.44,32551123,0,1,90.78,91.98,90.17,90.44,32551123,53.51306,54.23216,52.76134,53.48902,91.43640,82.48560,88.65383,91.31920
2015-09-08,89.69,90.24,88.83,89.53,27012543,0,1,89.69,90.24,88.83,89.53,27012543,53.46821,54.18673,52.71633,53.44456,91.34360,82.40140,88.45392,91.35464
2015-09-04,87.2,88.39,86.7,88.26,27328667,0,1,87.2,88.39,86.7,88.26,27328667,53.42457,54.14330,52.67281,53.40108,91.31320,82.32040,88.40442,91.42456
2015-09-03,89.76,89.82,87.73,88.15,27048198,0,1,89.76,89.82,87.73,88.15,27048198,53.38383,54.10198,52.63177,53.35903,91.30760,82.25080,88.56500,91.54408
2015-09-02,88.82,89.89,87.63,89.89,27190527,0,1,88.82,89.89,87.63,89.89,27190527,53.33990,54.05885,52.58938,53.31701,91.32180,82.18125,88.78333,91.66846
2015-09-01,86.99,89.39,86.5,87.23,36097370,0,1,86.99,89.39,86.5,87.23,36097370,53.29699,54.01552,52.54701,53.27279,91.28160,82.10620,88.82000,91.72304
2015-08-31,90.59,91.05,88.89,89.43,32850666,0,1,90.59,91.05,88.89,89.43,32850666,53.25620,53.97269,52.50590,53.23168,91.23180,82.04130,89.24242,91.87997
2015-08-28,89.94,91.48,89.792,91.01,33215885,0,1,89.94,91.48,89.792,91.01,33215885,53.21095,53.92775,52.46180,53.18780,91.09340,81.96775,89.42917,91.94520
2015-08-27,89.19,90.06,87.19,89.73,42431375,0,1,89.19,90.06,87.19,89.73,42431375,53.16638,53.88218,52.41650,53.14190,90.93130,81.88575,89.44583,91.94211
2015-08-26,85.95,87.46,83.26,87.19,45124302,0,1,85.95,87.46,83.26,87.19,45124302,53.12260,53.83822,52.37425,53.09745,90.77250,81.81210,89.66742,91.98300
2015-08-25,86.95,87.67,83,83,52021230,0,1,86.95,87.67,83,83,52021230,53.08267,53.79732,52.33667,53.05597,90.64990,81.75415,90.28358,92.11868
2015-08-24,77.03,87.14,72,82.09,83710727,0,1,77.03,87.14,72,82.09,83710727,53.04142,53.75606,52.29932,53.01950,90.60410,81.71545,91.51567,92.41688
2015-08-21,87.52,89.18,85.61,86.06,62778680,0,1,87.52,89.18,85.61,86.06,62778680,53.01216,53.71535,52.27530,52.98405,90.59290,81.67915,92.96192,92.75033
2015-08-20,93.54,94.77,90.46,90.56,44598224,0,1,93.54,94.77,90.46,90.56,44598224,52.97003,53.67205,52.23460,52.94366,90.50830,81.62765,93.97817,92.92477
2015-08-19,94.63,96.1,94.161,95.31,23251271,0,1,94.63,96.1,94.161,95.31,23251271,52.92043,53.62180,52.18787,52.89767,90.34030,81.54425,94.47067,92.91615
2015-08-18,94.08,95.85,94.04,95.17,22278848,0,1,94.08,95.85,94.04,95.17,22278848,52.86938,53.56981,52.13649,52.84576,90.04750,81.44265,94.38342,92.70978
2015-08-17,94.42,94.46,93.39,93.93,18313531,0,1,94.42,94.46,93.39,93.93,18313531,52.81888,53.51800,52.08514,52.79389,89.75750,81.33735,94.31467,92.49753
2015-08-14,93.54,94.72,93.21,94.42,15929656,0,1,93.54,94.72,93.21,94.42,15929656,52.76783,53.46776,52.03446,52.74342,89.52170,81.24700,94.40292,92.32465
2015-08-13,94.05,94.73,93.35,93.43,17451768,0,1,94.05,94.73,93.35,93.43,17451768,52.71774,53.41708,51.98387,52.69222,89.27430,81.17875,94.45100,92.12286
2015-08-12,92.7,94.44,91.19,94.19,27120375,0,1,92.7,94.44,91.19,94.19,27120375,52.66690,53.36627,51.93299,52.64211,89.05450,81.11300,94.63958,91.95127
2015-08-11,93.73,94.76,92.9006,93.62,22491031,0,1,93.73,94.76,92.9006,93.62,22491031,52.61760,53.31568,51.88465,52.59095,88.77960,81.04540,94.75692,91.73910
2015-08-10,95.68,95.9,93.63,94.15,21624153,0,1,95.68,95.9,93.63,94.15,21624153,52.56691,53.26458,51.83407,52.54036,88.51300,80.97750,94.98525,91.53882
2015-08-07,95.38,95.4,93.61,94.3,23199145,0,1,95.38,95.4,93.61,94.3,23199145,52.51368,53.21194,51.78247,52.48899,88.21380,80.89860,95.17867,91.30603
2015-08-06,97.18,98.74,94.42,95.12,42271318,0,1,97.18,98.74,94.42,95.12,42271318,52.46070,53.15980,51.73077,52.43730,87.93070,80.82055,95.35892,91.05625
2015-08-05,95.25,97.09,95.18,96.44,29629221,0,1,95.25,97.09,95.18,96.44,29629221,52.40535,53.10339,51.67794,52.38448,87.63930,80.72970,95.40108,90.76289
2015-08-04,93.79,94.73,93.33,94.06,20136036,0,1,93.79,94.73,93.33,94.06,20136036,52.35226,53.04888,51.62403,52.32989,87.29720,80.62725,95.22258,90.40435
2015-08-03,93.53,95.08,92.8,94.14,29343117,0,1,93.53,95.08,92.8,94.14,29343117,52.30085,52.99717,51.57229,52.27811,87.02680,80.52010,95.30508,90.12854
2015-07-31,94.95,96.33,93.95,94.01,46509045,0,1,94.95,96.33,93.95,94.01,46509045,52.24963,52.94489,51.52107,52.22611,86.75360,80.41545,95.34392,89.83888
2015-07-30,94.91,95.81,91.8,95.21,86211323,0,1,94.91,95.81,91.8,95.21,86211323,52.19652,52.89093,51.46830,52.17414,86.48440,80.31335,95.34850,89.54376
2015-07-29,96.32,97.28,94.74,96.99,64648320,0,1,96.32,97.28,94.74,96.99,64648320,52.14333,52.83748,51.41807,52.12055,86.19280,80.20225,95.12533,89.19014
2015-07-28,94.84,95.56,93.31,95.29,35235993,0,1,94.84,95.56,93.31,95.29,35235993,52.08825,52.78206,51.36406,52.06460,85.87060,80.08185,94.58517,88.75409
2015-07-27,96.58,96.61,93.8301,94.17,38585381,0,1,96.58,96.61,93.8301,94.17,38585381,52.03487,52.72866,51.31169,52.01063,85.57320,79.98495,94.19025,88.37304
2015-07-24,97.35,97.76,95.88,96.95,33444930,0,1,97.35,97.76,95.88,96.95,33444930,51.97919,52.67381,51.25854,51.95794,85.31720,79.90170,93.88017,88.02587
2015-07-23,96.96,97.45,94.81,95.44,29418833,0,1,96.96,97.45,94.81,95.44,29418833,51.92241,52.61738,51.20269,51.90162,84.94700,79.79840,93.14204,87.55516
2015-07-22,96.74,97.58,95.92,97.04,28299518,0,1,96.74,97.58,95.92,97.04,28299518,51.86597,52.56120,51.14805,51.84707,84.58740,79.70898,92.52158,87.12957
2015-07-21,98.95,99.24,97.1427,98.39,39453332,0,1,98.95,99.24,97.1427,98.39,39453332,51.80967,52.50471,51.09187,51.79036,84.20680,79.61098,91.60717,86.62631
2015-07-20,95.85,98.6,95.36,97.91,54860541,0,1,95.85,98.6,95.36,97.91,54860541,51.75044,52.44600,51.03402,51.73182,83.80920,79.50443,90.41908,86.05451
2015-07-17,92.55,95.39,92.54,94.97,54001635,0,1,92.55,95.39,92.54,94.97,54001635,51.69497,52.38794,50.97826,51.67373,83.41950,79.39763,89.20850,85.48625
2015-07-16,90.28,90.86,89.77,90.85,21804086,0,1,90.28,90.86,89.77,90.85,21804086,51.64352,52.33379,50.92592,51.61920,83.08210,79.31798,88.30717,85.02006
2015-07-15,90,90.99,89.42,89.76,30886601,0,1,90,90.99,89.42,89.76,30886601,51.59480,52.28520,50.87694,51.56973,82.81630,79.25873,87.90425,84.70502
2015-07-14,90.46,90.8,89.65,89.68,26627849,0,1,90.46,90.8,89.65,89.68,26627849,51.54630,52.23633,50.82827,51.52151,82.59730,79.20388,87.62192,84.42413
2015-07-13,88.66,90.22,88.42,90.1,29976670,0,1,88.66,90.22,88.42,90.1,29976670,51.49711,52.18758,50.77919,51.47327,82.38350,79.14158,87.30842,84.13799
2015-07-10,87.35,88.22,86.77,87.95,23245873,0,1,87.35,88.22,86.77,87.95,23245873,51.45007,52.13944,50.73154,51.42438,82.15690,79.08375,86.87917,83.82649
2015-07-09,86.73,87.6,85.6499,85.88,23307402,0,1,86.73,87.6,85.6499,85.88,23307402,51.40457,52.09371,50.68587,51.37808,82.00720,79.03545,86.67663,83.59344
2015-07-08,86.29,86.75,85.445,85.65,24399340,0,1,86.29,86.75,85.445,85.65,24399340,51.35974,52.04865,50.64150,51.33430,81.90320,78.99005,86.69875,83.43749
2015-07-07,87.8,87.85,85.231,87.22,33059921,0,1,87.8,87.85,85.231,87.22,33059921,51.31535,52.00456,50.59727,51.29070,81.82840,78.95135,86.71138,83.28762
2015-07-06,86.49,88.1846,86.39,87.55,24635915,0,1,86.49,88.1846,86.39,87.55,24635915,51.26894,51.95895,50.55321,51.24498,81.71460,78.90025,86.47350,83.07173
2015-07-02,87.4,87.44,86.3401,87.285,16908781,0,1,87.4,87.44,86.3401,87.285,16908781,51.22407,51.91280,50.50756,51.19874,81.61180,78.84465,86.14421,82.83885
2015-07-01,86.77,87.95,86.49,86.91,25260045,0,1,86.77,87.95,86.49,86.91,25260045,51.17793,51.86749,50.46185,51.15271,81.55870,78.78863,85.80258,82.61429
2015-06-30,86.6,86.7,85.57,85.765,23233183,0,1,86.6,86.7,85.57,85.765,23233183,51.13247,51.82141,50.41584,51.10704,81.49290,78.72698,85.46825,82.40186
2015-06-29,86.61,87.5,85.73,85.8,35957872,0,1,86.61,87.5,85.73,85.8,35957872,51.08711,51.77680,50.37089,51.06272,81.43940,78.68555,85.23458,82.23223
2015-06-26,88.12,88.34,86.8283,88.01,38214647,0,1,88.12,88.34,86.8283,88.01,38214647,51.04163,51.73106,50.32561,51.01824,81.33890,78.64615,84.95379,82.05728
2015-06-25,89.26,89.4,87.835,87.98,27301967,0,1,89.26,89.4,87.835,87.98,27301967,50.99409,51.68413,50.27881,50.97082,81.22490,78.59325,84.34783,81.79120
2015-06-24,87.66,89.25,87.45,88.86,41370227,0,1,87.66,89.25,87.45,88.86,41370227,50.94497,51.63571,50.23060,50.92331,81.11940,78.53670,83.69621,81.52216
2015-06-23,84.96,87.97,84.76,87.88,50667853,0,1,84.96,87.97,84.76,87.88,50667853,50.89778,51.58737,50.18276,50.87455,81.01250,78.48185,82.88108,81.21441
2015-06-22,83.41,84.97,83.31,84.74,29383079,0,1,83.41,84.97,83.31,84.74,29383079,50.85394,51.54054,50.13826,50.82692,80.91510,78.42875,82.12650,80.94128
2015-06-19,82.83,82.98,82.12,82.51,23353194,0,1,82.83,82.98,82.12,82.51,23353194,50.81199,51.49746,50.09552,50.78322,80.86110,78.38480,81.72733,80.78916
2015-06-18,81.64,83.19,81.57,82.905,26782573,0,1,81.64,83.19,81.57,82.905,26782573,50.77068,51.45684,50.05419,50.74228,80.85430,78.35140,81.57925,80.72424
2015-06-17,81.76,82.22,81.34,81.79,18350287,0,1,81.76,82.22,81.34,81.79,18350287,50.73079,51.41584,50.01348,50.70073,80.84170,78.32028,81.35879,80.64332
2015-06-16,80.82,81.51,80.45,81.06,13693666,0,1,80.82,81.51,80.45,81.06,13693666,50.69065,51.37599,49.97295,50.66051,80.85230,78.28543,81.26738,80.60655
2015-06-15,80.55,80.93,80.07,80.71,18805087,0,1,80.55,80.93,80.07,80.71,18805087,50.65162,51.33696,49.93347,50.62113,80.87990,78.24940,81.25283,80.59949
2015-06-12,81.37,82.09,81.2,81.53,11417882,0,1,81.37,82.09,81.2,81.53,11417882,50.61285,51.29857,49.89438,50.58211,80.89680,78.21900,81.28063,80.60681
2015-06-11,82.31,82.9,81.36,81.83,18656811,0,1,82.31,82.9,81.36,81.83,18656811,50.57290,51.25859,49.85373,50.54191,80.89950,78.19115,81.19717,80.58209
2015-06-10,80.83,82.6,80.81,82.16,21531208,0,1,80.83,82.6,80.81,82.16,21531208,50.53163,51.21744,49.81276,50.50123,80.90720,78.15710,81.06554,80.54590
2015-06-09,80.6,81.19,79.32,80.67,16497538,0,1,80.6,81.19,79.32,80.67,16497538,50.49218,51.17658,49.77240,50.46000,80.92790,78.11915,80.87992,80.49758
2015-06-08,81.82,82,80.13,80.67,16915471,0,1,81.82,82,80.13,80.67,16915471,50.45293,51.13745,49.73387,50.42062,80.98050,78.08865,80.88229,80.50976
2015-06-05,81.87,82.46,81.51,82.14,16143093,0,1,81.87,82.46,81.51,82.14,16143093,50.41198,51.09716,49.69419,50.38113,81.02730,78.05935,80.88258,80.52377
2015-06-04,82.14,82.95,81.51,82.05,20863877,0,1,82.14,82.95,81.51,82.05,20863877,50.37085,51.05616,49.65260,50.33961,81.04290,78.02510,80.69271,80.48075
2015-06-03,81.35,82.53,81.25,82.44,31774993,0,1,81.35,82.53,81.25,82.44,31774993,50.32927,51.01441,49.61090,50.29811,81.10810,77.98780,80.48400,80.44381
2015-06-02,79.76,81.35,79.56,80.445,18923300,0,1,79.76,81.35,79.56,80.445,18923300,50.28862,50.97311,49.56944,50.25598,81.14790,77.94375,80.18504,80.39314
2015-06-01,79.3,80.38,78.66,80.29,18119012,0,1,79.3,80.38,78.66,80.29,18119012,50.24994,50.93324,49.53008,50.21636,81.21500,77.91301,80.11517,80.42333
2015-05-29,79.95,80.07,78.88,79.19,16134580,0,1,79.95,80.07,78.88,79.19,16134580,50.21177,50.89455,49.49180,50.17684,81.26420,77.88041,80.04983,80.46154
2015-05-28,80.25,81.0745,80,80.145,11982008,0,1,80.25,81.0745,80,80.145,11982008,50.17264,50.85616,49.45313,50.13867,81.29860,77.84861,80.11563,80.54423
2015-05-27,79.6,80.66,79.43,80.55,14160865,0,1,79.6,80.66,79.43,80.55,14160865,50.13301,50.81635,49.41289,50.09913,81.28300,77.81508,80.04500,80.58885
2015-05-26,80.43,80.6,79.08,79.335,16321339,0,1,80.43,80.6,79.08,79.335,16321339,50.09413,50.77697,49.37329,50.05896,81.23340,77.77763,79.89883,80.61565
2015-05-22,80.35,81.31,80.25,80.54,19567937,0,1,80.35,81.31,80.25,80.54,19567937,50.05406,50.73758,49.33404,50.02029,81.20770,77.74681,79.90017,80.68909
2015-05-21,80.19,80.92,80.08,80.48,13402749,0,1,80.19,80.92,80.08,80.48,13402749,50.01399,50.69714,49.29315,49.97992,81.17550,77.70646,79.73796,80.71402
2015-05-20,80.47,81.1,79.46,80.55,23056899,0,1,80.47,81.1,79.46,80.55,23056899,49.97402,50.65711,49.25237,49.93952,81.11730,77.66751,79.56900,80.73901
2015-05-19,81.25,81.69,80.55,80.63,17955389,0,1,81.25,81.69,80.55,80.63,17955389,49.93357,50.61673,49.21231,49.89892,81.05730,77.63231,79.39058,80.75890
2015-05-18,80.33,81.38,80.23,80.88,21613674,0,1,80.33,81.38,80.23,80.88,21613674,49.89198,50.57547,49.17069,49.85811,81.03350,77.59096,79.20258,80.77473
2015-05-15,81.41,81.52,80.18,80.42,27069884,0,1,81.41,81.52,80.18,80.42,27069884,49.85151,50.53450,49.12939,49.81686,81.01600,77.54981,78.99192,80.78006
2015-05-14,78.94,81.845,78.67,81.37,49437996,0,1,78.94,81.845,78.67,81.37,49437996,49.80949,50.49324,49.08804,49.77611,81.03180,77.52109,78.84800,80.80405
2015-05-13,77.72,78.53,77.65,78.44,21512309,0,1,77.72,78.53,77.65,78.44,21512309,49.77064,50.45144,49.04860,49.73398,81.02230,77.48279,78.59400,80.79042
2015-05-12,77.87,77.89,76.79,77.46,21285310,0,1,77.87,77.89,76.79,77.46,21285310,49.73333,50.41395,49.01041,49.69566,81.04550,77.46519,78.75783,80.89259
2015-05-11,78.48,79.03,77.93,78.01,18874054,0,1,78.48,79.03,77.93,78.01,18874054,49.69571,50.37722,48.97328,49.65854,81.09130,77.45384,79.09550,81.03500
2015-05-08,79.1,79.23,78.03,78.51,19943595,0,1,79.1,79.23,78.03,78.51,19943595,49.65718,50.33886,48.93451,49.62059,81.11050,77.43869,79.40675,81.15658
2015-05-07,78,78.94,77.56,78.425,19749428,0,1,78,78.94,77.56,78.425,19749428,49.61771,50.30014,48.89551,49.58186,81.14850,77.40259,79.67438,81.26005
2015-05-06,77.97,78.81,77.05,78.1,28663026,0,1,77.97,78.81,77.05,78.1,28663026,49.57962,50.26169,48.85703,49.54315,81.17120,77.35682,79.98500,81.36775
2015-05-05,78.55,78.8,77.22,77.56,22311318,0,1,78.55,78.8,77.22,77.56,22311318,49.54146,50.22332,48.81914,49.50476,81.17820,77.31332,80.37463,81.48846
2015-05-04,79.33,79.69,78.6301,78.81,14691991,0,1,79.33,79.69,78.6301,78.81,14691991,49.50241,50.18486,48.78092,49.46700,81.20380,77.26762,80.88138,81.63136
2015-05-01,79.24,79.76,78.11,78.99,24136358,0,1,79.24,79.76,78.11,78.99,24136358,49.46221,50.14510,48.74069,49.42746,81.22550,77.20561,81.26688,81.72608
2015-04-30,80.01,80.96,78.32,78.77,28999005,0,1,80.01,80.96,78.32,78.77,28999005,49.42203,50.10513,48.70105,49.38756,81.23410,77.14896,81.65529,81.81409
2015-04-29,80.01,81.39,79.52,80.465,26430258,0,1,80.01,81.39,79.52,80.465,26430258,49.38069,50.06343,48.66103,49.34786,81.19290,77.09094,82.09954,81.90910
2015-04-28,81.83,81.9,80.23,80.68,23775344,0,1,81.83,81.9,80.23,80.68,23775344,49.33925,50.02104,48.61927,49.30575,81.09560,77.02811,82.34700,81.93383
2015-04-27,81.87,82.93,81.63,81.91,25446032,0,1,81.87,82.93,81.63,81.91,25446032,49.29522,49.97785,48.57644,49.26324,80.99680,76.95641,82.58125,81.94625
2015-04-24,82.77,82.94,81.48,81.53,29660356,0,1,82.77,82.94,81.48,81.53,29660356,49.25102,49.93314,48.53159,49.21894,80.88320,76.87123,82.66617,81.90599
2015-04-23,84.1,85.59,82.41,82.41,73728080,0,1,84.1,85.59,82.41,82.41,73728080,49.20548,49.88829,48.48682,49.17504,80.78280,76.78843,82.79879,81.87669
2015-04-22,84.32,84.74,83.65,84.63,45547963,0,1,84.32,84.74,83.65,84.63,45547963,49.15800,49.83972,48.44067,49.12982,80.63840,76.69018,82.81521,81.80721
2015-04-21,84,84.49,83.54,83.62,27171852,0,1,84,84.49,83.54,83.62,27171852,49.11010,49.79217,48.39270,49.08146,80.43460,76.59348,82.53400,81.64269
2015-04-20,81.54,83.15,81.24,83.09,28796761,0,1,81.54,83.15,81.24,83.09,28796761,49.06250,49.74483,48.34475,49.03434,80.25160,76.50683,82.37550,81.51059
2015-04-17,81.48,82.11,80.37,80.775,24214983,0,1,81.48,82.11,80.37,80.775,24214983,49.01813,49.69920,48.29981,48.98781,80.10210,76.42363,82.28500,81.39342
2015-04-16,82.47,83.07,82.15,82.31,13769687,0,1,82.47,83.07,82.15,82.31,13769687,48.97373,49.65486,48.25594,48.94433,79.99920,76.36005,82.50250,81.36300
2015-04-15,83.55,83.66,82.27,82.705,22390943,0,1,83.55,83.66,82.27,82.705,22390943,48.92784,49.60908,48.20951,48.89862,79.86100,76.28495,82.53321,81.26696
2015-04-14,83.17,83.69,82.44,83.515,19634173,0,1,83.17,83.69,82.44,83.515,19634173,48.88035,49.56237,48.16279,48.85225,79.70670,76.20943,82.53625,81.14938
2015-04-13,81.93,83.94,81.92,83.01,26883094,0,1,81.93,83.94,81.92,83.01,26883094,48.83325,49.51550,48.11570,48.80463,79.55460,76.12750,82.44567,80.99407
2015-04-10,82.21,82.61,81.91,82.04,12529738,0,1,82.21,82.61,81.91,82.04,12529738,48.78772,49.46814,48.06920,48.75758,79.45440,76.04965,82.42479,80.85463
2015-04-09,82.5,82.8,81.71,82.17,15927281,0,1,82.5,82.8,81.71,82.17,15927281,48.74169,49.42249,48.02259,48.71174,79.33840,75.96805,82.53108,80.74869
2015-04-08,82.63,83.1,81.84,82.275,18966732,0,1,82.63,83.1,81.84,82.275,18966732,48.69512,49.37646,47.97612,48.66559,79.21060,75.88405,82.61063,80.63263
2015-04-07,82.65,83.42,82.22,82.32,17467042,0,1,82.65,83.42,82.22,82.32,17467042,48.64825,49.32988,47.92935,48.61917,79.11500,75.79518,82.65279,80.50871
2015-04-06,80.8,82.81,80.8,82.44,19062934,0,1,80.8,82.81,80.8,82.44,19062934,48.60122,49.28273,47.88192,48.57256,79.02520,75.70528,82.65392,80.37950
2015-04-02,82.25,82.56,81.44,81.555,19664053,0,1,82.25,82.56,81.44,81.555,19664053,48.55663,49.23629,47.83633,48.52565,78.92940,75.62108,82.60346,80.24183
2015-04-01,82.5,82.72,80.87,81.665,22058167,0,1,82.5,82.72,80.87,81.665,22058167,48.50989,49.19007,47.78972,48.47984,78.83310,75.53531,82.64175,80.13509
2015-03-31,82.9,83.5,82.21,82.215,19734277,0,1,82.9,83.5,82.21,82.215,19734277,48.46269,49.14350,47.74378,48.43375,78.72460,75.44793,82.63217,80.01978
2015-03-30,83.81,84.34,82.41,83.195,24527686,0,1,83.81,84.34,82.41,83.195,24527686,48.41479,49.09572,47.69584,48.38676,78.58390,75.35936,82.51496,79.87738
2015-03-27,83.38,83.95,82.88,83.3,18372582,0,1,83.38,83.95,82.88,83.3,18372582,48.36549,49.04663,47.64749,48.33828,78.40100,75.26484,82.24396,79.68938
2015-03-26,82.72,83.77,82.14,83.01,32794800,0,1,82.72,83.77,82.14,83.01,32794800,48.31666,48.99795,47.59835,48.28952,78.26060,75.17724,81.93238,79.49176
2015-03-25,85.5,85.52,82.92,82.92,37436147,0,1,85.5,85.52,82.92,82.92,37436147,48.26861,48.94939,47.55011,48.24103,78.12940,75.09104,81.64204,79.30036
2015-03-24,84.71,86.0699,84.52,85.31,32576522,0,1,84.71,86.0699,84.52,85.31,32576522,48.21654,48.89824,47.50064,48.19253,78.00540,74.99084,81.34608,79.10764
2015-03-23,83.92,84.96,83.3,84.43,27357333,0,1,83.92,84.96,83.3,84.43,27357333,48.16543,48.84618,47.44880,48.14054,77.85400,74.87679,80.70379,78.81524
2015-03-20,83.39,84.6,83.07,83.8,44466323,0,1,83.39,84.6,83.07,83.8,44466323,48.11528,48.79553,47.39851,48.08965,77.72890,74.77057,80.13250,78.55245
2015-03-19,81.12,83,81,82.75,42099523,0,1,81.12,83,81,82.75,42099523,48.06574,48.74524,47.34841,48.03949,77.57590,74.66827,79.59971,78.30837
2015-03-18,79.25,81.24,79.17,80.91,36912446,0,1,79.25,81.24,79.17,80.91,36912446,48.01925,48.69706,47.30108,47.99067,77.44390,74.56887,79.17867,78.10029
2015-03-17,78.36,79.78,78.34,79.365,22169969,0,1,78.36,79.78,78.34,79.365,22169969,47.97526,48.65123,47.25620,47.94431,77.36950,74.47972,78.97638,77.96145
2015-03-16,77.96,78.12,77.36,78.07,19305406,0,1,77.96,78.12,77.36,78.07,19305406,47.93240,48.60732,47.21236,47.89999,77.35120,74.39940,78.95958,77.88247
2015-03-13,78.6,79.38,77.68,78.05,18557296,0,1,78.6,79.38,77.68,78.05,18557296,47.88999,48.56564,47.16977,47.85738,77.35020,74.32820,79.11108,77.85425
2015-03-12,78.1,79.05,77.91,78.93,16093319,0,1,78.1,79.05,77.91,78.93,16093319,47.84655,48.52205,47.12662,47.81467,77.37360,74.25550,79.28046,77.82772
2015-03-11,77.8,78.43,77.26,77.57,20215704,0,1,77.8,78.43,77.26,77.57,20215704,47.80370,48.47881,47.08302,47.77060,77.39540,74.17825,79.34392,77.76754
2015-03-10,78.5,79.26,77.55,77.55,23067057,0,1,78.5,79.26,77.55,77.55,23067057,47.76115,48.43633,47.04021,47.72833,77.45950,74.09715,79.57021,77.76321
2015-03-09,79.68,79.91,78.63,79.44,18925097,0,1,79.68,79.91,78.63,79.44,18925097,47.71749,48.39254,46.99688,47.68597,77.52390,74.01200,79.78275,77.76218
2015-03-06,80.9,81.33,79.83,80.005,24488581,0,1,80.9,81.33,79.83,80.005,24488581,47.67202,48.34771,46.95188,47.64080,77.54730,73.91725,79.72821,77.68796
2015-03-05,81.23,81.99,81.05,81.21,27825733,0,1,81.23,81.99,81.05,81.21,27825733,47.62469,48.30073,46.90504,47.59470,77.57620,73.81003,79.57158,77.59271
2015-03-04,79.3,81.15,78.85,80.895,28126686,0,1,79.3,81.15,78.85,80.895,28126686,47.57675,48.25267,46.85633,47.54674,77.54960,73.70003,79.22517,77.44917
2015-03-03,79.61,79.7,78.52,79.6,18634973,0,1,79.61,79.7,78.52,79.6,18634973,47.53143,48.20567,46.81063,47.49910,77.49970,73.58565,78.87058,77.31602
2015-03-02,79,79.855,78.52,79.75,21662537,0,1,79,79.855,78.52,79.75,21662537,47.48554,48.16062,46.76527,47.45318,77.42990,73.47724,78.63488,77.23092
2015-02-27,80.68,81.23,78.62,78.97,30739197,0,1,80.68,81.23,78.62,78.97,30739197,47.44039,48.11521,46.71977,47.40691,77.32870,73.37464,78.33642,77.13596
2015-02-26,79.88,81.37,79.72,80.41,31111891,0,1,79.88,81.37,79.72,80.41,31111891,47.39270,48.06770,46.67400,47.36163,77.28910,73.27894,78.10750,77.07005
2015-02-25,78.5,80.2,78.5,79.56,25593800,0,1,78.5,80.2,78.5,79.56,25593800,47.34603,48.01985,46.62652,47.31414,77.23750,73.17604,77.65875,76.94564
2015-02-24,78.5,79.48,78.1,78.45,18897133,0,1,78.5,79.48,78.1,78.45,18897133,47.30120,47.97355,46.58066,47.26775,77.20090,73.06444,77.28158,76.85312
2015-02-23,79.96,80.19,78.38,78.84,24139056,0,1,79.96,80.19,78.38,78.84,24139056,47.25624,47.92815,46.53525,47.22281,77.15550,72.95599,77.01433,76.80236
2015-02-20,79.55,80.34,79.2,79.895,36931698,0,1,79.55,80.34,79.2,79.895,36931698,47.20905,47.88160,46.48929,47.17719,77.11550,72.84874,76.67392,76.73473
2015-02-19,76.986,79.84,76.95,79.42,45851177,0,1,76.986,79.84,76.95,79.42,45851177,47.16232,47.83469,46.44202,47.12991,77.04800,72.74192,76.18583,76.62308
2015-02-18,75.94,76.9,75.45,76.71,22426421,0,1,75.94,76.9,75.45,76.71,22426421,47.11916,47.78837,46.39787,47.08318,76.98680,72.65092,75.73063,76.52766
2015-02-17,75.3,76.91,75.08,75.6,25254400,0,1,75.3,76.91,75.08,75.6,25254400,47.07739,47.74618,46.35577,47.04024,76.95740,72.56967,75.60642,76.53736
2015-02-13,76.46,76.48,75.5,75.74,18621860,0,1,76.46,76.48,75.5,75.74,18621860,47.03643,47.70386,46.31408,46.99879,76.94300,72.49742,75.63675,76.59003
2015-02-12,76.86,76.87,75.89,76.23,17234976,0,1,76.86,76.87,75.89,76.23,17234976,46.99366,47.66203,46.27166,46.95702,76.93740,72.41762,75.66700,76.63699
2015-02-11,75.09,76.75,75.03,76.51,20877427,0,1,75.09,76.75,75.03,76.51,20877427,46.95019,47.61951,46.22854,46.91441,76.91480,72.32722,75.64783,76.66384
2015-02-10,74.85,75.34,74.5,75.19,15811344,0,1,74.85,75.34,74.5,75.19,15811344,46.90917,47.57705,46.18656,46.87127,76.93860,72.22537,75.59558,76.68065
2015-02-09,74.05,74.83,73.45,74.44,16194322,0,1,74.05,74.83,73.45,74.44,16194322,46.86838,47.53652,46.14523,46.82992,76.98720,72.13797,75.71708,76.75113
2015-02-06,75.68,75.7,74.25,74.47,21210994,0,1,75.68,75.7,74.25,74.47,21210994,46.82864,47.49662,46.10531,46.78956,77.01100,72.07012,75.93850,76.85195
2015-02-05,75.71,75.98,75.21,75.615,15062573,0,1,75.71,75.98,75.21,75.615,15062573,46.78639,47.45532,46.06410,46.74903,77.00180,72.00457,76.15267,76.95124
2015-02-04,75.09,76.35,75.01,75.63,20277368,0,1,75.09,76.35,75.01,75.63,20277368,46.74398,47.41350,46.02136,46.70671,76.96450,71.94165,76.22925,77.00416
2015-02-03,75.19,75.58,73.86,75.4,26957714,0,1,75.19,75.58,73.86,75.4,26957714,46.70236,47.37101,45.97880,46.66423,76.92390,71.86970,76.31079,77.05490
2015-02-02,76.11,76.14,73.75,74.99,41955258,0,1,76.11,76.14,73.75,74.99,41955258,46.66047,47.32952,45.93779,46.62198,76.88250,71.78740,76.43208,77.11304
2015-01-30,78,78.16,75.75,75.91,42649491,0,1,78,78.16,75.75,75.91,42649491,46.61709,47.28709,45.89683,46.58020,76.86950,71.71105,76.62754,77.18675
2015-01-29,76.85,78.02,74.21,78,61293468,0,1,76.85,78.02,74.21,78,61293468,46.57081,47.24156,45.85280,46.53694,76.83610,71.62695,76.72688,77.22306
2015-01-28,76.9,77.638,76,76.24,53306422,0,1,76.9,77.638,76,76.24,53306422,46.52608,47.19610,45.81092,46.49046,76.77370,71.53140,76.54954,77.17497
2015-01-27,76.71,76.88,75.63,75.78,20109977,0,1,76.71,76.88,75.63,75.78,20109977,46.48115,47.15106,45.76626,46.44645,76.73390,71.44285,76.59146,77.19434
2015-01-26,77.98,78.47,77.29,77.495,19260820,0,1,77.98,78.47,77.29,77.495,19260820,46.43637,47.10702,45.72202,46.40300,76.71270,71.35975,76.70263,77.23092
2015-01-23,77.65,78.19,77.04,77.83,16746503,0,1,77.65,78.19,77.04,77.83,16746503,46.38957,47.06049,45.67518,46.35687,76.65500,71.28432,76.60738,77.19798
2015-01-22,77.17,77.75,76.68,77.65,19519458,0,1,77.17,77.75,76.68,77.65,19519458,46.34312,47.01423,45.62857,46.31010,76.59840,71.18612,76.47183,77.14968
2015-01-21,76.16,77.3,75.85,76.74,25096737,0,1,76.16,77.3,75.85,76.74,25096737,46.29724,46.96849,45.58237,46.26346,76.55740,71.08262,76.37188,77.10683
2015-01-20,75.72,76.31,74.82,76.24,22821614,0,1,75.72,76.31,74.82,76.24,22821614,46.25274,46.92329,45.53726,46.21804,76.52780,70.98267,76.41300,77.09851
2015-01-16,74.04,75.32,73.84,75.18,21791529,0,1,74.04,75.32,73.84,75.18,21791529,46.20876,46.87943,45.49355,46.17324,76.49960,70.89892,76.55442,77.10869
2015-01-15,76.4,76.57,73.54,74.05,34133974,0,1,76.4,76.57,73.54,74.05,34133974,46.16716,46.83692,45.45118,46.12988,76.51120,70.83662,76.87492,77.16089
2015-01-14,76.42,77.2,76.0291,76.28,25918564,0,1,76.42,77.2,76.0291,76.28,25918564,46.12190,46.79241,45.40913,46.08808,76.50780,70.77947,77.39133,77.25728
2015-01-13,77.23,78.08,75.85,76.45,25179561,0,1,77.23,78.08,75.85,76.45,25179561,46.07647,46.74682,45.36323,46.04282,76.48200,70.69927,77.67208,77.26520
2015-01-12,77.84,78,76.21,76.72,19190194,0,1,77.84,78,76.21,76.72,19190194,46.02970,46.69977,45.31745,45.99716,76.43520,70.61707,77.96017,77.26462
2015-01-09,78.2,78.62,77.2,77.74,21004109,0,1,78.2,78.62,77.2,77.74,21004109,45.98186,46.65270,45.27099,45.95096,76.41800,70.53832,78.22850,77.25278
2015-01-08,76.74,78.23,76.08,78.175,23960953,0,1,76.74,78.23,76.08,78.175,23960953,45.93334,46.60456,45.22291,45.90308,76.47860,70.45154,78.35575,77.20331
2015-01-07,76.76,77.36,75.82,76.15,22045333,0,1,76.76,77.36,75.82,76.15,22045333,45.88687,46.55686,45.17637,45.85441,76.52070,70.38512,78.39958,77.13844
2015-01-06,77.23,77.59,75.365,76.15,27399288,0,1,77.23,77.59,75.365,76.15,27399288,45.84024,46.51033,45.13008,45.80865,76.61110,70.32487,78.70354,77.15652
2015-01-05,77.98,79.2455,76.86,77.19,26452191,0,1,77.98,79.2455,76.86,77.19,26452191,45.79275,46.46331,45.08434,45.76274,76.68890,70.28032,79.02150,77.17765
2015-01-02,78.58,78.93,77.7,78.45,18177475,0,1,78.58,78.93,77.7,78.45,18177475,45.74398,46.41364,45.03619,45.71513,76.71250,70.22922,79.21396,77.15893
2014-12-31,79.54,79.8,77.86,78.02,20040439,0,1,79.54,79.8,77.86,78.02,20040439,45.69415,46.36430,44.98663,45.66545,76.71730,70.17817,79.23000,77.09098
2014-12-30,79.85,80.59,79.1,79.22,14370763,0,1,79.85,80.59,79.1,79.22,14370763,45.64272,46.31348,44.93667,45.61628,76.69590,70.13402,79.28996,77.03905
2014-12-29,80.49,80.96,79.71,80.02,14134666,0,1,80.49,80.96,79.71,80.02,14134666,45.59065,46.26131,44.88467,45.56513,76.63050,70.08162,79.17742,76.93750
2014-12-26,81.02,81.28,80.51,80.775,10647388,0,1,81.02,81.28,80.51,80.775,10647388,45.53745,46.20842,44.83158,45.51261,76.48270,70.02012,78.93438,76.79878
2014-12-24,81.03,81.43,80.75,80.77,7685481,0,1,81.03,81.43,80.75,80.77,7685481,45.48328,46.15487,44.77711,45.45878,76.33140,69.96039,78.55083,76.62453
2014-12-23,82.02,82.17,80.4,80.61,19865820,0,1,82.02,82.17,80.4,80.61,19865820,45.42893,46.10094,44.72210,45.40478,76.18780,69.91094,78.11883,76.44483
2014-12-22,80.08,81.89,80,81.45,31395770,0,1,80.08,81.89,80,81.45,31395770,45.37289,46.04570,44.66747,45.35087,76.03540,69.85839,77.66392,76.26544
2014-12-19,78.75,80,78.33,79.88,43334992,0,1,78.75,80,78.33,79.88,43334992,45.31966,45.99073,44.61328,45.29550,75.86460,69.81129,77.05108,76.04640
2014-12-18,76.89,78.4,76.51,78.4,34222081,0,1,76.89,78.4,76.51,78.4,34222081,45.26831,45.93848,44.56148,45.24238,75.78520,69.76089,76.61633,75.88582
2014-12-17,75.01,76.41,74.9,76.11,29203904,0,1,75.01,76.41,74.9,76.11,29203904,45.21966,45.88854,44.51233,45.19137,75.76760,69.72309,76.36008,75.78259
2014-12-16,76.19,77.39,74.59,74.69,31554593,0,1,76.19,77.39,74.59,74.69,31554593,45.17376,45.84151,44.46551,45.14373,75.77120,69.70039,76.38608,75.76930
2014-12-15,78.46,78.58,76.56,76.99,29396532,0,1,78.46,78.58,76.56,76.99,29396532,45.12589,45.79283,44.41902,45.09813,75.82850,69.67094,76.58392,75.81395
2014-12-12,77.16,78.88,77.02,77.83,28091617,0,1,77.16,78.88,77.02,77.83,28091617,45.07437,45.74215,44.36934,45.04884,75.83750,69.62304,76.46725,75.76875
2014-12-11,76.52,78.52,76.48,77.73,33492661,0,1,76.52,78.52,76.48,77.73,33492661,45.02470,45.69086,44.31880,44.99809,75.82250,69.57619,76.21033,75.69003
2014-12-10,76.65,77.55,76.07,76.18,32210532,0,1,76.65,77.55,76.07,76.18,32210532,44.97587,45.63996,44.26894,44.94735,75.79890,69.53224,75.92925,75.61430
2014-12-09,75.2,76.93,74.78,76.84,25358584,0,1,75.2,76.93,74.78,76.84,25358584,44.92669,45.59041,44.21956,44.89885,75.85610,69.49764,75.82658,75.60160
2014-12-08,76.18,77.25,75.4,76.52,25733853,0,1,76.18,77.25,75.4,76.52,25733853,44.87961,45.54167,44.17203,44.84917,75.89930,69.46269,75.61975,75.56471
2014-12-05,75.8,76.76,75.36,76.36,24306446,0,1,75.8,76.76,75.36,76.36,24306446,44.83085,45.49228,44.12339,44.79984,75.94470,69.43399,75.43925,75.54215
2014-12-04,74.83,75.55,74.66,75.24,14390520,0,1,74.83,75.55,74.66,75.24,14390520,44.78254,45.44350,44.07466,44.75061,75.96190,69.39514,75.26117,75.52653
2014-12-03,75.38,75.73,74.4,74.88,16689857,0,1,75.38,75.73,74.4,74.88,16689857,44.73559,45.39646,44.02687,44.70297,76.02780,69.36709,75.21875,75.55743
2014-12-02,75.33,75.91,75.04,75.46,16773884,0,1,75.33,75.91,75.04,75.46,16773884,44.68763,45.34899,43.97934,44.65574,76.09600,69.33299,75.21908,75.60511
2014-12-01,77.26,77.31,74.8,75.1,31789866,0,1,77.26,77.31,74.8,75.1,31789866,44.63960,45.30109,43.93065,44.60746,76.12280,69.29219,75.14308,75.63111
2014-11-28,77.67,78.27,77.23,77.7,15992035,0,1,77.67,78.27,77.23,77.7,15992035,44.58839,45.25084,43.88219,44.55959,76.17900,69.25214,75.11625,75.67342
2014-11-26,75.53,77.78,75.51,77.62,32721585,0,1,75.53,77.78,75.51,77.62,32721585,44.53638,45.19892,43.82976,44.50748,76.16500,69.20029,74.74408,75.61322
2014-11-25,74.21,75.74,74.13,75.63,32250205,0,1,74.21,75.74,74.13,75.63,32250205,44.48757,45.14761,43.77987,44.45534,76.14120,69.13444,74.35867,75.55523
2014-11-24,73.54,74.35,73.35,74.01,22103831,0,1,73.54,74.35,73.35,74.01,22103831,44.44069,45.09936,43.73200,44.40616,76.15020,69.08054,74.22308,75.57563
2014-11-21,74.5,74.5,73.5,73.75,23060382,0,1,74.5,74.5,73.5,73.75,23060382,44.39472,45.05315,43.68521,44.35940,76.16160,69.02823,74.28892,75.66001
2014-11-20,72.8,73.99,72.51,73.6,19154862,0,1,72.8,73.99,72.51,73.6,19154862,44.34708,45.00656,43.63803,44.31289,76.23620,68.98108,74.39758,75.75751
2014-11-19,74.01,74.54,73.11,73.33,25441163,0,1,74.01,74.54,73.11,73.33,25441163,44.30199,44.96062,43.59228,44.26648,76.32260,68.92388,74.52925,75.86427
2014-11-18,74.45,74.8,73.9,74.34,20696643,0,1,74.45,74.8,73.9,74.34,20696643,44.25484,44.91367,43.54542,44.22035,76.40460,68.86818,74.71575,75.98485
2014-11-17,74.88,75.655,73.88,74.24,28701191,0,1,74.88,75.655,73.88,74.24,28701191,44.20683,44.86616,43.49716,44.17246,76.45120,68.81023,74.82958,76.06764
2014-11-14,74.27,74.93,74.04,74.88,19476878,0,1,74.27,74.93,74.04,74.88,19476878,44.15799,44.81713,43.44878,44.12458,76.52420,68.74643,75.00625,76.15722
2014-11-13,74.74,75.24,73.64,74.25,26448451,0,1,74.74,75.24,73.64,74.25,26448451,44.10996,44.76910,43.39999,44.07553,76.57180,68.68488,75.15117,76.22356
2014-11-12,74.28,75.14,73.54,74.72,26536609,0,1,74.28,75.14,73.54,74.72,26536609,44.06103,44.72043,43.35169,44.02733,76.60580,68.61903,75.42308,76.31595
2014-11-11,74.95,74.98,74.03,74.61,18735123,0,1,74.95,74.98,74.03,74.61,18735123,44.01268,44.67176,43.30339,43.97822,76.62800,68.51308,75.66667,76.39077
2014-11-10,75.36,75.4799,74.61,75,21575126,0,1,75.36,75.4799,74.61,75,21575126,43.96310,44.62319,43.25414,43.92913,76.66940,68.41573,75.95800,76.47153
2014-11-07,75.39,75.855,75.02,75.6,20774381,0,1,75.39,75.855,75.02,75.6,20774381,43.91271,44.57366,43.20381,43.87926,76.66580,68.30848,76.21683,76.53685
2014-11-06,74.89,75.6,74.31,75.26,21383194,0,1,74.89,75.6,74.31,75.26,21383194,43.86210,44.52336,43.15266,43.82826,76.63090,68.20273,76.40358,76.57728
2014-11-05,76.51,76.8,74.42,74.83,35912588,0,1,76.51,76.8,74.42,74.83,35912588,43.81214,44.47332,43.10249,43.77765,76.61830,68.10958,76.61092,76.63055
2014-11-04,74.23,75.77,73.65,75.76,39326471,0,1,74.23,75.77,73.65,75.76,39326471,43.75940,44.42118,43.05198,43.72756,76.64090,68.02298,76.85850,76.70156
2014-11-03,75.47,75.52,73.7,73.88,40727330,0,1,75.47,75.52,73.7,73.88,40727330,43.71017,44.37054,43.00255,43.67581,76.62610,67.93673,76.97175,76.73553
2014-10-31,74.93,75.7,74.45,74.99,44544325,0,1,74.93,75.7,74.45,74.99,44544325,43.65878,44.32013,42.95287,43.62694,76.63990,67.84883,77.31258,76.84376
2014-10-30,75.05,75.35,72.9,74.11,83269554,0,1,75.05,75.35,72.9,74.11,83269554,43.60810,44.26928,42.90183,43.57611,76.63150,67.75983,77.49733,76.90813
2014-10-29,75.45,76.88,74.78,75.86,106119520,0,1,75.45,76.88,74.78,75.86,106119520,43.55706,44.21882,42.85313,43.52654,76.64550,67.67728,77.80708,77.00757
2014-10-28,80.18,81.16,79.57,80.77,74211768,0,1,80.18,81.16,79.57,80.77,74211768,43.50520,44.16571,42.80121,43.47396,76.63410,67.58668,77.91192,77.03792
2014-10-27,80.74,80.8,79.76,80.28,30168921,0,1,80.74,80.8,79.76,80.28,30168921,43.44547,44.10546,42.74133,43.41322,76.51050,67.46238,77.36567,76.87088
2014-10-24,80.2,80.8183,79.32,80.67,32247520,0,1,80.2,80.8183,79.32,80.67,32247520,43.38463,44.04560,42.68094,43.35308,76.37750,67.35068,76.85796,76.71784
2014-10-23,79.38,80.63,79.01,80.04,35055800,0,1,79.38,80.63,79.01,80.04,35055800,43.32447,43.98551,42.62107,43.29210,76.25002,67.23343,76.27458,76.54451
2014-10-22,78.815,79.85,78.01,78.37,41862393,0,1,78.815,79.85,78.01,78.37,41862393,43.26546,43.92554,42.56152,43.23196,76.12462,67.12438,75.74529,76.39097
2014-10-21,77.56,78.74,77.15,78.69,32252403,0,1,77.56,78.74,77.15,78.69,32252403,43.20718,43.86665,42.50340,43.17436,76.01382,67.02213,75.40958,76.29857
2014-10-20,75.6,77.09,75.38,76.95,34701260,0,1,75.6,77.09,75.38,76.95,34701260,43.15078,43.80938,42.44651,43.11604,75.90882,66.91468,75.03679,76.18950
2014-10-17,74.23,76,73.75,75.95,76341638,0,1,74.23,76,73.75,75.95,76341638,43.09741,43.75465,42.39235,43.06039,75.83102,66.80272,74.89858,76.14562
2014-10-16,70.79,73.35,70.58,72.63,53529459,0,1,70.79,73.35,70.58,72.63,53529459,43.04612,43.70152,42.34069,43.00621,75.77542,66.69652,74.90904,76.13877
2014-10-15,71.69,73.8,70.32,73.21,61528317,0,1,71.69,73.8,70.32,73.21,61528317,43.00033,43.65260,42.29409,42.95732,75.77222,66.60661,75.37275,76.26200
2014-10-14,74,74.18,72.05,73.59,50299288,0,1,74,74.18,72.05,73.59,50299288,42.95291,43.60277,42.24776,42.90732,75.76182,66.50911,75.80833,76.36207
2014-10-13,73.23,74.78,72.52,72.99,43937638,0,1,73.23,74.78,72.52,72.99,43937638,42.90151,43.55214,42.19842,42.85652,75.76022,66.41836,76.23558,76.44718
2014-10-10,75.59,76.5,72.76,72.91,52146162,0,1,75.59,76.5,72.76,72.91,52146162,42.85121,43.50036,42.14814,42.80655,75.74762,66.34206,76.76958,76.55532
2014-10-09,77.28,77.7601,75.85,75.91,32487174,0,1,77.28,77.7601,75.85,75.91,32487174,42.79683,43.44554,42.09729,42.75654,75.74242,66.26731,77.35525,76.66639
2014-10-08,76.18,77.71,75.1,77.52,32975514,0,1,76.18,77.71,75.1,77.52,32975514,42.73946,43.38844,42.04113,42.70138,75.71776,66.17661,77.57500,76.65886
2014-10-07,77.05,77.95,76.24,76.29,25317488,0,1,77.05,77.95,76.24,76.29,25317488,42.68372,43.33124,41.98603,42.64335,75.64156,66.06461,77.58442,76.58519
2014-10-06,77.19,77.89,76.85,77.555,25729191,0,1,77.19,77.89,76.85,77.555,25729191,42.62635,43.27345,41.92884,42.58718,75.61416,65.95841,77.74583,76.55869
2014-10-03,77.76,78.06,77.26,77.44,23340173,0,1,77.76,78.06,77.26,77.44,23340173,42.56855,43.21556,41.87045,42.52870,75.56686,65.84849,77.72433,76.48072
2014-10-02,76.57,77.48,75.64,77.08,36487612,0,1,76.57,77.48,75.64,77.08,36487612,42.50960,43.15719,41.81117,42.47022,75.51766,65.73559,77.71754,76.40534
2014-10-01,78.78,78.82,75.9,76.55,55090157,0,1,78.78,78.82,75.9,76.55,55090157,42.45245,43.09961,41.75441,42.41215,75.40186,65.61924,77.76275,76.33953
2014-09-30,79.35,79.7067,78.6,79.04,35899444,0,1,79.35,79.7067,78.6,79.04,35899444,42.39140,43.03957,41.69702,42.35478,75.25626,65.50309,77.88154,76.28879
2014-09-29,78.12,79.199,77.91,79,34030635,0,1,78.12,79.199,77.91,79,34030635,42.32918,42.97784,41.63489,42.29302,75.06346,65.36704,77.66933,76.13285
2014-09-26,77.59,78.8416,77.33,78.79,28872012,0,1,77.59,78.8416,77.33,78.79,28872012,42.26882,42.91676,41.57372,42.23112,74.85186,65.21894,77.45288,75.97018
2014-09-25,78.6,78.94,77.13,77.22,37354970,0,1,78.6,78.94,77.13,77.22,37354970,42.20916,42.85608,41.51332,42.16936,74.60426,65.07621,77.24992,75.80603
2014-09-24,78.1,78.62,77.51,78.535,30596541,0,1,78.1,78.62,77.51,78.535,30596541,42.14758,42.79502,41.45306,42.11006,74.41306,64.93431,77.23263,75.69595
2014-09-23,76.33,78.63,76.04,78.29,36721000,0,1,76.33,78.63,76.04,78.29,36721000,42.08665,42.73430,41.39194,42.04832,74.18566,64.78134,77.02842,75.52539
2014-09-22,77,77.53,75.95,76.8,31917700,0,1,77,77.53,75.95,76.8,31917700,42.02851,42.67336,41.33312,41.98679,73.97786,64.63159,76.84142,75.35629
2014-09-19,77.4,78.3,76.44,77.91,76638600,0,1,77.4,78.3,76.44,77.91,76638600,41.96903,42.61408,41.27425,41.92758,73.76866,64.49069,76.82417,75.23741
2014-09-18,76.77,77.33,76.52,77,22983300,0,1,76.77,77.33,76.52,77,22983300,41.90868,42.55328,41.21434,41.86628,73.50791,64.33479,76.63438,75.06478
2014-09-17,75.96,77.25,75.57,76.43,28647200,0,1,75.96,77.25,75.57,76.43,28647200,41.84919,42.49394,41.15409,41.80633,73.26731,64.18509,76.53858,74.91840
2014-09-16,73.52,76.23,73.07,76.08,37672600,0,1,73.52,76.23,73.07,76.08,37672600,41.79088,42.43453,41.09526,41.74714,72.99391,64.03799,76.51013,74.78365
2014-09-15,77.15,77.25,73.43,74.58,49576900,0,1,77.15,77.25,73.43,74.58,49576900,41.73655,42.37666,41.04051,41.68835,72.77811,63.89004,76.51659,74.65417
2014-09-12,78.02,78.3,77.1,77.48,26676800,0,1,78.02,78.3,77.1,77.48,26676800,41.67580,42.31684,40.98495,41.63193,72.61231,63.74659,76.71046,74.57700
2014-09-11,77.13,78.36,77.05,77.92,32219000,0,1,77.13,78.36,77.05,77.92,32219000,41.61335,42.25501,40.92290,41.57034,72.39171,63.58329,76.51759,74.37746
2014-09-10,76.52,77.95,76.51,77.43,29864000,0,1,76.52,77.95,76.51,77.43,29864000,41.55222,42.19287,40.86072,41.50778,72.19451,63.42484,76.24380,74.15293
2014-09-09,77.59,78.17,76.2,76.67,28769300,0,1,77.59,78.17,76.2,76.67,28769300,41.49194,42.13122,40.79925,41.44584,71.99171,63.27119,76.01342,73.93967
2014-09-08,77.26,78.17,77.01,77.89,28149300,0,1,77.26,78.17,77.01,77.89,28149300,41.42959,42.06898,40.73811,41.38501,71.81031,63.11999,75.86071,73.74909
2014-09-05,76.1,77.38,75.598,77.26,29407300,0,1,76.1,77.38,75.598,77.26,29407300,41.36760,42.00652,40.67536,41.32185,71.59511,62.96234,75.52001,73.50223
2014-09-04,75.89,76.93,75.53,75.95,26625500,0,1,75.89,76.93,75.53,75.95,26625500,41.30740,41.94521,40.61483,41.25956,71.39871,62.80519,75.23335,73.27238
2014-09-03,77.14,77.48,75.6,75.83,32330200,0,1,77.14,77.48,75.6,75.83,32330200,41.24737,41.88447,40.55422,41.19934,71.19411,62.67049,75.09228,73.08587
2014-09-02,75.01,76.7,74.82,76.68,34785800,0,1,75.01,76.7,74.82,76.68,34785800,41.18494,41.82257,40.49327,41.13911,70.98491,62.53629,74.94120,72.89587
2014-08-29,74.3,74.82,74.01,74.82,26224300,0,1,74.3,74.82,74.01,74.82,26224300,41.12601,41.76181,40.43346,41.07719,70.74131,62.39644,74.65688,72.66298
2014-08-28,74,74.43,73.73,73.855,21922800,0,1,74,74.43,73.73,73.855,21922800,41.06812,41.70411,40.37487,41.01830,70.53174,62.25536,74.59039,72.49481
2014-08-27,75.27,75.49,74.46,74.63,36238700,0,1,75.27,75.49,74.46,74.63,36238700,41.01055,41.64690,40.31655,40.96090,70.36664,62.11709,74.63881,72.35801
2014-08-26,75,75.99,74.73,75.9601,23886100,0,1,75,75.99,74.73,75.9601,23886100,40.95055,41.58763,40.25676,40.90193,70.16204,61.98159,74.57236,72.18280
2014-08-25,74.94,75.28,74.79,75.02,19691100,0,1,74.94,75.28,74.79,75.02,19691100,40.89081,41.52728,40.19628,40.84043,69.92664,61.83959,74.31240,71.94619
2014-08-22,74.34,74.73,73.57,74.57,20874600,0,1,74.34,74.73,73.57,74.57,20874600,40.83097,41.46796,40.13548,40.78036,69.71624,61.71009,74.15737,71.73820
2014-08-21,74.92,75.19,74.4149,74.57,20075900,0,1,74.92,75.19,74.4149,74.57,20075900,40.77198,41.40940,40.07662,40.72087,69.51064,61.58776,74.04017,71.53979
2014-08-20,74.97,75.18,74.62,74.81,22878000,0,1,74.97,75.18,74.62,74.81,22878000,40.71175,41.34982,40.01606,40.66117,69.33486,61.45601,73.90697,71.33449
2014-08-19,74.81,75.58,74.77,75.29,26618600,0,1,74.81,75.58,74.77,75.29,26618600,40.65122,41.29005,39.95492,40.60084,69.15406,61.33071,73.74266,71.11269
2014-08-18,74,74.72,73.96,74.59,23913200,0,1,74,74.72,73.96,74.59,23913200,40.59077,41.22936,39.89330,40.53944,68.90586,61.20529,73.50518,70.86233
2014-08-15,74.32,74.65,73,73.63,38846600,0,1,74.32,74.65,73,73.63,38846600,40.53153,41.16998,39.83290,40.47907,68.66406,61.07739,73.35796,70.62994
2014-08-14,73.97,74.38,73.69,74.296,22182800,0,1,73.97,74.38,73.69,74.296,22182800,40.47151,41.11051,39.77398,40.42018,68.45518,60.95621,73.34373,70.42701
2014-08-13,73.12,74.25,73.05,73.77,29198500,0,1,73.12,74.25,73.05,73.77,29198500,40.41191,41.05131,39.71364,40.35991,68.23606,60.83588,73.25196,70.18937
2014-08-12,73.09,73.3301,72.22,72.83,27374400,0,1,73.09,73.3301,72.22,72.83,27374400,40.35361,40.99213,39.65421,40.30035,68.01806,60.72678,73.20527,69.96380
2014-08-11,73.46,73.91,73.06,73.44,24544100,0,1,73.46,73.91,73.06,73.44,24544100,40.29515,40.93439,39.59606,40.24226,67.82306,60.62485,73.24641,69.76745
2014-08-08,73.4,73.43,72.56,73.06,27155700,0,1,73.4,73.43,72.56,73.06,27155700,40.23582,40.87540,39.53620,40.18287,67.62026,60.51715,73.17763,69.53922
2014-08-07,73,74,72.7,73.17,38093400,0,1,73,74,72.7,73.17,38093400,40.17638,40.81706,39.47701,40.12396,67.43566,60.41523,73.11769,69.31866
2014-08-06,72.02,73.72,71.79,72.47,30940200,0,1,72.02,73.72,71.79,72.47,30940200,40.11746,40.75748,39.41737,40.06463,67.24246,60.31863,72.98766,69.08621
2014-08-05,73.2,73.59,72.18,72.69,34820400,0,1,73.2,73.59,72.18,72.69,34820400,40.06008,40.69820,39.35914,40.00634,67.06266,60.22738,72.90505,68.87416
2014-08-04,72.36,73.88,72.36,73.51,30656900,0,1,72.36,73.88,72.36,73.51,30656900,40.00036,40.63893,39.30001,39.94745,66.83588,60.12498,72.74890,68.64458
2014-08-01,72.22,73.22,71.55,72.36,43456400,0,1,72.22,73.22,71.55,72.36,43456400,39.94195,40.57893,39.24033,39.88687,66.57608,60.01310,72.44350,68.37266
2014-07-31,74,74.165,72.44,72.65,43909200,0,1,74,74.165,72.44,72.65,43909200,39.88358,40.51990,39.18190,39.82815,66.33868,59.89880,72.23168,68.13653
2014-07-30,74.21,75.19,74.13,74.677,36823000,0,1,74.21,75.19,74.13,74.677,36823000,39.82178,40.45895,39.12165,39.76869,66.05688,59.78310,71.91880,67.87798
2014-07-29,74.72,74.92,73.4229,73.71,41126900,0,1,74.72,74.92,73.4229,73.71,41126900,39.75937,40.39592,39.05812,39.70534,65.74754,59.65527,71.27165,67.52780
2014-07-28,75.17,75.5,73.85,74.92,41640000,0,1,75.17,75.5,73.85,74.92,41640000,39.69580,40.33315,38.99564,39.64351,65.43374,59.53197,70.65413,67.20324
2014-07-25,74.99,75.67,74.662,75.19,45823100,0,1,74.99,75.67,74.662,75.19,45823100,39.63119,40.26909,38.93215,39.57925,65.09372,59.39122,69.80511,66.81790
2014-07-24,75.96,76.74,74.51,74.98,124006900,0,1,75.96,76.74,74.51,74.98,124006900,39.56667,40.20449,38.86695,39.51427,64.77452,59.25097,68.84817,66.40945
2014-07-23,69.74,71.33,69.61,71.29,77435900,0,1,69.74,71.33,69.61,71.29,77435900,39.50013,40.13770,38.80179,39.44943,64.47152,59.12864,67.84640,65.99735
2014-07-22,69.76,69.77,68.61,69.27,40301800,0,1,69.76,69.77,68.61,69.27,40301800,39.44475,40.08057,38.74536,39.39112,64.24232,59.02739,67.27896,65.72097
2014-07-21,68.81,69.96,68.5,69.4,49431600,0,1,68.81,69.96,68.5,69.4,49431600,39.38912,40.02610,38.69057,39.33629,64.00172,58.92696,66.94752,65.51437
2014-07-18,66.8,68.46,66.16,68.4199,42262200,0,1,66.8,68.46,66.16,68.4199,42262200,39.33504,39.97107,38.63577,39.28103,63.74892,58.83136,66.58483,65.29276
2014-07-17,67.03,67.85,66.04,66.4099,38024200,0,1,67.03,67.85,66.04,66.4099,38024200,39.28446,39.91860,38.58508,39.22737,63.52832,58.74136,66.33390,65.10094
2014-07-16,67.54,67.94,67.07,67.66,29541600,0,1,67.54,67.94,67.07,67.66,29541600,39.23327,39.86707,38.53443,39.17721,63.37072,58.66046,66.34281,64.98175
2014-07-15,67.96,68.0899,66.26,67.165,44213200,0,1,67.96,68.0899,66.26,67.165,44213200,39.18095,39.81518,38.48168,39.12457,63.24192,58.57836,66.17929,64.80849
2014-07-14,67.13,68.17,66.9,67.9,38468000,0,1,67.13,68.17,66.9,67.9,38468000,39.12765,39.76282,38.43024,39.07264,63.10782,58.49449,66.06269,64.64939
2014-07-11,65.28,66.59,64.79,66.34,39167800,0,1,65.28,66.59,64.79,66.34,39167800,39.07570,39.71012,38.37742,39.01916,62.97282,58.40229,65.82588,64.45617
2014-07-10,63.31,65.34,63.05,64.8725,44388200,0,1,63.31,65.34,63.05,64.8725,44388200,39.02699,39.66015,38.32832,38.96837,62.84162,58.31284,65.76741,64.31897
2014-07-09,63.41,65.12,63.15,64.97,51378000,0,1,63.41,65.12,63.15,64.97,51378000,38.98177,39.61233,38.28229,38.92014,62.70717,58.22442,65.89844,64.23406
2014-07-08,65.06,65.56,62.21,62.76,68855600,0,1,65.06,65.56,62.21,62.76,68855600,38.93620,39.56474,38.23589,38.87153,62.53057,58.13702,66.01254,64.13840
2014-07-07,66.3,66.57,65.12,65.29,28707100,0,1,66.3,66.57,65.12,65.29,28707100,38.88737,39.51615,38.19108,38.82688,62.42957,58.05312,66.41480,64.12544
2014-07-03,66.855,67,65.76,66.29,25203200,0,1,66.855,67,65.76,66.29,25203200,38.83603,39.46549,38.14065,38.77733,62.34117,57.95282,66.49423,64.00980
2014-07-02,68.04,68.3,65.79,66.45,41805900,0,1,68.04,68.3,65.79,66.45,41805900,38.78347,39.41383,38.08883,38.72571,62.24257,57.84672,66.43199,63.85107
2014-07-01,67.58,68.44,67.39,68.06,33166100,0,1,67.58,68.44,67.39,68.06,33166100,38.72847,39.35953,38.03676,38.67360,62.17417,57.72702,66.34418,63.68340
2014-06-30,67.46,67.92,67.13,67.29,27102800,0,1,67.46,67.92,67.13,67.29,27102800,38.67414,39.30477,37.98148,38.61825,62.03777,57.60827,66.03604,63.44723
2014-06-27,67.31,67.7,66.84,67.6,46444300,0,1,67.31,67.7,66.84,67.6,46444300,38.61983,39.25078,37.92649,38.56416,61.87077,57.49557,65.78739,63.23471
2014-06-26,68,68,66.9,67.13,47646700,0,1,68,68,66.9,67.13,47646700,38.56559,39.19700,37.87183,38.50927,61.71317,57.38277,65.45750,63.00385
2014-06-25,65.58,67.48,65.57,67.44,44245500,0,1,65.58,67.48,65.57,67.44,44245500,38.50984,39.14245,37.81685,38.45506,61.55237,57.26512,65.15348,62.78512
2014-06-24,65.36,67.17,65.27,65.72,57284100,0,1,65.36,67.17,65.27,65.72,57284100,38.45848,39.08868,37.76419,38.40006,61.38137,57.14812,64.77656,62.54753
2014-06-23,64.32,65.66,64.22,65.37,34434000,0,1,64.32,65.66,64.22,65.37,34434000,38.40733,39.03529,37.71190,38.34812,61.23757,57.03927,64.59088,62.37175
2014-06-20,64.46,64.81,63.35,64.5,46407900,0,1,64.46,64.81,63.35,64.5,46407900,38.35798,38.98458,37.66141,38.29665,61.11337,56.92572,64.42987,62.20482
2014-06-19,65.46,65.5756,64.21,64.3415,34133800,0,1,65.46,65.5756,64.21,64.3415,34133800,38.30816,38.93529,37.61238,38.24665,61.07157,56.81212,64.36760,62.07037
2014-06-18,64.49,65.75,64.05,65.6,35493200,0,1,64.49,65.75,64.05,65.6,35493200,38.25625,38.88435,37.56153,38.19675,60.94854,56.69977,64.32089,61.93732
2014-06-17,64.1,64.88,63.93,64.4,27636500,0,1,64.1,64.88,63.93,64.4,27636500,38.20599,38.83289,37.51078,38.14426,60.77554,56.57824,64.09945,61.74812
2014-06-16,64.16,64.88,63.75,64.19,30856800,0,1,64.16,64.88,63.75,64.19,30856800,38.15629,38.78289,37.46007,38.09386,60.62252,56.46264,64.02034,61.59999
2014-06-13,64.7,64.97,63.83,64.5,29383800,0,1,64.7,64.97,63.83,64.5,29383800,38.10628,38.73271,37.40952,38.04368,60.52852,56.34443,63.94383,61.45640
2014-06-12,65.85,66.47,64.06,64.2901,55642800,0,1,65.85,66.47,64.06,64.2901,55642800,38.05504,38.68215,37.35861,37.99270,60.49292,56.22013,63.79540,61.29926
2014-06-11,65.32,65.8,64.9,65.781,44158300,0,1,65.32,65.8,64.9,65.781,44158300,38.00139,38.62851,37.30706,37.94193,60.45952,56.10537,63.64153,61.14904
2014-06-10,63.53,65.82,63.5,65.77,69206900,0,1,63.53,65.82,63.5,65.77,69206900,37.94854,38.57595,37.25369,37.88809,60.34870,55.97922,63.24113,60.93601
2014-06-09,62.4,63.34,61.79,62.88,37573600,0,1,62.4,63.34,61.79,62.88,37573600,37.89897,38.52315,37.20283,37.83405,60.23350,55.84312,62.78744,60.71889
2014-06-06,63.37,63.48,62.15,62.5,42386300,0,1,63.37,63.48,62.15,62.5,42386300,37.85139,38.47496,37.15508,37.78542,60.19530,55.72032,62.65450,60.61361
2014-06-05,63.66,64.36,62.82,63.186,47352000,0,1,63.66,64.36,62.82,63.186,47352000,37.80175,38.42632,37.10646,37.73733,60.15300,55.59987,62.53088,60.52157
2014-06-04,62.45,63.59,62.07,63.34,36514000,0,1,62.45,63.59,62.07,63.34,36514000,37.75134,38.37576,37.05633,37.68773,60.18708,55.47299,62.28855,60.40397
2014-06-03,62.62,63.42,62.32,62.87,32217000,0,1,62.62,63.42,62.32,62.87,32217000,37.70310,38.32652,37.00748,37.63763,60.20228,55.34169,61.99771,60.28092
2014-06-02,63.23,63.59,62.05,63.08,35947400,0,1,63.23,63.59,62.05,63.08,35947400,37.65434,38.27741,36.95794,37.58825,60.28968,55.21014,61.74030,60.17973
2014-05-30,63.95,64.17,62.56,63.3,45253500,0,1,63.95,64.17,62.56,63.3,45253500,37.60419,38.22778,36.90874,37.53826,60.36748,55.07799,61.40796,60.07336
2014-05-29,63.84,64.3,63.51,63.83,42700000,0,1,63.84,64.3,63.51,63.83,42700000,37.55243,38.17681,36.85835,37.48765,60.46628,54.94658,60.99363,59.96223
2014-05-28,63.39,64.14,62.62,63.51,47795000,0,1,63.39,64.14,62.62,63.51,47795000,37.50068,38.12539,36.80588,37.43580,60.57348,54.81853,60.45938,59.83452
2014-05-27,61.62,63.51,61.57,63.48,55682000,0,1,61.62,63.51,61.57,63.48,55682000,37.44962,38.07408,36.75497,37.38437,60.67808,54.69348,59.92363,59.72347
2014-05-23,60.41,61.45,60.15,61.351,38294000,0,1,60.41,61.45,60.15,61.351,38294000,37.40185,38.02381,36.70593,37.33279,60.76288,54.56878,59.37279,59.61691
2014-05-22,60.94,61.48,60.4,60.52,54200000,0,1,60.94,61.48,60.4,60.52,54200000,37.35629,37.97742,36.65950,37.28523,60.91246,54.45638,59.08066,59.59972
2014-05-21,58.56,60.5,58.25,60.49,58992000,0,1,58.56,60.5,58.25,60.49,58992000,37.30950,37.93079,36.61240,37.23913,61.11966,54.34653,58.89765,59.62323
2014-05-20,59.5,60.19,58.18,58.56,53931000,0,1,59.5,60.19,58.18,58.56,53931000,37.26725,37.88592,36.56938,37.19291,61.31186,54.24002,58.71247,59.65546
2014-05-19,57.89,59.56,57.57,59.21,43034000,0,1,57.89,59.56,57.57,59.21,43034000,37.22296,37.84149,36.52633,37.15034,61.58126,54.13747,58.76513,59.77394
2014-05-16,58.31,58.45,57.31,58.0199,47933000,0,1,58.31,58.45,57.31,58.0199,47933000,37.18171,37.79814,36.48433,37.10631,61.79306,54.02887,58.71095,59.87524
2014-05-15,59.26,59.38,57.52,57.919,56814000,0,1,59.26,59.38,57.52,57.919,56814000,37.13946,37.75683,36.44268,37.06449,62.04946,53.92277,58.80296,60.03326
2014-05-14,59.53,60.45,58.95,59.23,47429000,0,1,59.53,60.45,58.95,59.23,47429000,37.09513,37.71350,36.40044,37.02269,62.32248,53.82131,58.93217,60.20595
2014-05-13,59.66,60.89,59.51,59.83,48525000,0,1,59.66,60.89,59.51,59.83,48525000,37.05008,37.66784,36.35516,36.97810,62.51388,53.70231,58.91525,60.33473
2014-05-12,57.98,59.9,57.98,59.83,48575000,0,1,57.98,59.9,57.98,59.83,48575000,37.00458,37.62112,36.30857,36.93212,62.66548,53.57321,58.85000,60.44592
2014-05-09,56.85,57.65,56.38,57.24,52584000,0,1,56.85,57.65,56.38,57.24,52584000,36.96229,37.57620,36.26488,36.88596,62.83808,53.44586,58.79650,60.56389
2014-05-08,57.23,58.82,56.5,56.76,61251000,0,1,57.23,58.82,56.5,56.76,61251000,36.92212,37.53565,36.22424,36.84484,63.07208,53.29221,59.08092,60.79259
2014-05-07,58.77,59.3,56.26,57.39,78587000,0,1,58.77,59.3,56.26,57.39,78587000,36.88101,37.49256,36.18320,36.80452,63.32208,53.13906,59.45000,61.04993
2014-05-06,60.98,61.15,58.49,58.53,55901000,0,1,60.98,61.15,58.49,58.53,55901000,36.83661,37.44833,36.14247,36.76277,63.57128,52.98233,59.75450,61.29233
2014-05-05,59.67,61.35,59.18,61.22,46057000,0,1,59.67,61.35,59.18,61.22,46057000,36.78754,37.40016,36.09705,36.71852,63.81628,52.81909,59.91951,61.49964
2014-05-02,61.3,61.89,60.18,60.46,54189000,0,1,61.3,61.89,60.18,60.46,54189000,36.74093,37.35138,36.05004,36.66862,63.96368,52.64389,59.72584,61.60723
2014-05-01,60.43,62.28,60.21,61.15,82429000,0,1,60.43,62.28,60.21,61.15,82429000,36.69081,37.30130,36.00079,36.62007,64.14708,52.47484,59.61634,61.75183
2014-04-30,57.58,59.85,57.16,59.78,76093000,0,1,57.58,59.85,57.16,59.78,76093000,36.64226,37.25022,35.95129,36.56991,64.28528,52.30069,59.43109,61.87478
2014-04-29,56.09,58.28,55.84,58.15,75557000,0,1,56.09,58.28,55.84,58.15,75557000,36.59936,37.20391,35.90782,36.52234,64.43568,52.13319,59.40384,62.05735
2014-04-28,58.05,58.31,54.66,56.14,107758000,0,1,58.05,58.31,54.66,56.14,107758000,36.55934,37.16063,35.86690,36.47793,64.61448,51.97199,59.57034,62.31086
2014-04-25,59.97,60.01,57.57,57.71,92502000,0,1,59.97,60.01,57.57,57.71,92502000,36.51512,37.11711,35.82823,36.43748,64.83828,51.82034,59.99317,62.65197
2014-04-24,63.6,63.65,59.77,60.87,138769000,0,1,63.6,63.65,59.77,60.87,138769000,36.46676,37.06991,35.78340,36.39362,64.97308,51.66079,60.23458,62.93680
2014-04-23,63.45,63.48,61.26,61.36,96565000,0,1,63.45,63.48,61.26,61.36,96565000,36.41070,37.01499,35.73384,36.34305,65.05270,51.48384,60.09641,63.10083
2014-04-22,62.65,63.44,62.22,63.0301,60631000,0,1,62.65,63.44,62.22,63.0301,60631000,36.35472,36.96020,35.68099,36.29125,65.09646,51.30059,59.90748,63.24735
2014-04-21,59.46,61.24,59.15,61.24,60364000,0,1,59.46,61.24,59.15,61.24,60364000,36.30016,36.90526,35.62593,36.23578,65.12226,51.10728,59.48655,63.32940
2014-04-17,59.3,60.58,58.72,58.94,88040000,0,1,59.3,60.58,58.72,58.94,88040000,36.25201,36.85467,35.57702,36.18379,65.14066,50.92368,59.27912,63.48237
2014-04-16,59.79,60.19,57.74,59.72,78774000,0,1,59.79,60.19,57.74,59.72,78774000,36.20399,36.80524,35.52881,36.13638,65.20566,50.75103,59.37612,63.72808
2014-04-15,59.29,59.68,55.88,59.09,108623000,0,1,59.29,59.68,55.88,59.09,108623000,36.15475,36.75642,35.48244,36.08715,65.26626,50.57648,59.38115,63.94558
2014-04-14,60.09,60.45,57.78,58.89,72325000,0,1,60.09,60.45,57.78,58.89,72325000,36.10635,36.70847,35.43977,36.03903,65.31406,50.40543,59.51327,64.18966
2014-04-11,57.6,60.31,57.31,58.53,91452000,0,1,57.6,60.31,57.31,58.53,91452000,36.05607,36.65869,35.39293,35.99112,65.38766,50.23428,59.71380,64.44447
2014-04-10,63.08,63.18,58.68,59.16,114988000,0,1,63.08,63.18,58.68,59.16,114988000,36.01081,36.60901,35.34689,35.94377,65.43866,50.06243,60.03192,64.71540
2014-04-09,59.63,62.4558,59.1882,62.41,100215000,0,1,59.63,62.4558,59.1882,62.41,100215000,35.95383,36.55307,35.29777,35.89489,65.32606,49.88788,60.33637,64.95720
2014-04-08,57.68,58.71,57.17,58.1901,78836000,0,1,57.68,58.71,57.17,58.1901,78836000,35.90388,36.49842,35.24736,35.83895,65.18066,49.69551,60.28315,65.06586
2014-04-07,55.9,58,55.44,56.95,108488000,0,1,55.9,58,55.44,56.95,108488000,35.85784,36.45146,35.20102,35.79170,65.08786,49.52721,60.84909,65.33636
2014-04-04,59.94,60.2,56.32,56.749,125214400,0,1,59.94,60.2,56.32,56.749,125214400,35.81538,36.40581,35.15814,35.74687,65.03786,49.36196,61.66829,65.65353
2014-04-03,62.55,63.17,59.13,59.49,83859000,0,1,62.55,63.17,59.13,59.49,83859000,35.76416,36.35529,35.11321,35.70228,65.03548,49.19976,62.60404,65.97849
2014-04-02,63.21,63.91,62.21,62.72,66277000,0,1,63.21,63.91,62.21,62.72,66277000,35.70716,36.29824,35.06211,35.65167,64.99588,49.02336,63.27500,66.19440
2014-04-01,60.46,62.66,60.24,62.62,59291000,0,1,60.46,62.66,60.24,62.62,59291000,35.64852,36.23936,35.00422,35.59396,64.91168,48.82987,63.61020,66.28035
2014-03-31,60.78,61.52,59.87,60.24,53011000,0,1,60.78,61.52,59.87,60.24,53011000,35.59551,36.18291,34.95030,35.53621,64.78528,48.63492,64.02024,66.36526
2014-03-28,61.34,61.95,59.335,60.01,67052000,0,1,61.34,61.95,59.335,60.01,67052000,35.54158,36.12865,34.89694,35.48331,64.72428,48.45237,64.82603,66.54112
2014-03-27,60.51,61.9,57.98,60.97,112650000,0,1,60.51,61.9,57.98,60.97,112650000,35.48622,36.07324,34.84450,35.43068,64.67608,48.27117,65.74216,66.72410
2014-03-26,64.74,64.95,60.37,60.385,97503900,0,1,64.74,64.95,60.37,60.385,97503900,35.43240,36.01770,34.79474,35.37575,64.61148,48.08647,66.62053,66.86690
2014-03-25,64.89,66.19,63.78,64.89,68786000,0,1,64.89,66.19,63.78,64.89,68786000,35.36924,35.95535,34.73962,35.32185,64.52198,47.90619,67.66524,67.02914
2014-03-24,67.19,67.36,63.36,64.1,85696000,0,1,67.19,67.36,63.36,64.1,85696000,35.30548,35.89005,34.67690,35.25799,64.38298,47.69820,68.17940,67.00926
2014-03-21,67.53,67.92,66.1786,67.24,59999900,0,1,67.53,67.92,66.1786,67.24,59999900,35.23647,35.82193,34.61482,35.19556,64.24538,47.49255,68.81990,67.01496
2014-03-20,68.01,68.23,66.82,66.97,44439000,0,1,68.01,68.23,66.82,66.97,44439000,35.16642,35.75230,34.54635,35.12605,64.06518,47.27084,69.07807,66.89045
2014-03-19,69.17,69.29,67.465,68.24,43981000,0,1,69.17,69.29,67.465,68.24,43981000,35.09502,35.68170,34.47619,35.05683,63.88418,47.05359,69.38640,66.76944
2014-03-18,68.76,69.6,68.3,69.19,40827000,0,1,68.76,69.6,68.3,69.19,40827000,35.02078,35.60848,34.40432,34.98453,63.66338,46.83163,69.54448,66.58997
2014-03-17,68.18,68.95,66.62,68.7399,52197000,0,1,68.18,68.95,66.62,68.7399,52197000,34.94711,35.53426,34.33031,34.90985,63.37072,46.60742,69.58931,66.36176
2014-03-14,68.49,69.43,67.46,67.72,48227000,0,1,68.49,69.43,67.46,67.72,48227000,34.87439,35.46114,34.25965,34.83582,63.09012,46.38647,69.70741,66.14020
2014-03-13,71.29,71.35,68.15,68.83,57091000,0,1,71.29,71.35,68.15,68.83,57091000,34.80067,35.38665,34.18685,34.76371,62.82870,46.16447,69.96024,65.94838
2014-03-12,69.86,71.35,69,70.8799,46340500,0,1,69.86,71.35,69,70.8799,46340500,34.72048,35.30761,34.11220,34.68884,62.52630,45.94082,70.08099,65.70118
2014-03-11,72.5,72.59,69.96,70.1,59408300,0,1,72.5,72.59,69.96,70.1,59408300,34.64308,35.22822,34.03536,34.60912,62.21750,45.70799,69.92200,65.36148
2014-03-10,70.77,72.15,70.51,72.03,59871600,0,1,70.77,72.15,70.51,72.03,59871600,34.55951,35.14574,33.95605,34.53077,61.97010,45.48279,69.83717,65.04266
2014-03-07,71.08,71.18,69.47,69.8,38927000,0,1,71.08,71.18,69.47,69.8,38927000,34.47940,35.06387,33.87518,34.44781,61.68870,45.24843,69.46992,64.63712
2014-03-06,71.88,71.89,70.25,70.84,46026500,0,1,71.88,71.89,70.25,70.84,46026500,34.39824,34.98379,33.79626,34.36942,61.44810,45.02773,69.36083,64.30959
2014-03-05,69.69,71.97,69.62,71.57,74567700,0,1,69.69,71.97,69.62,71.57,74567700,34.31495,34.90178,33.71525,34.28838,61.13370,44.80233,69.06850,63.92895
2014-03-04,68.66,68.9,67.62,68.8,42013500,0,1,68.66,68.9,67.62,68.8,42013500,34.23616,34.81922,33.63528,34.20535,60.80330,44.57573,68.62893,63.50673
2014-03-03,66.96,68.05,66.51,67.41,56824100,0,1,66.96,68.05,66.51,67.41,56824100,34.15932,34.74315,33.55942,34.12813,60.53870,44.36238,68.49183,63.18276
2014-02-28,69.47,69.88,67.38,68.46,66783700,0,1,69.47,69.88,67.38,68.46,66783700,34.08595,34.66864,33.48571,34.05367,60.28770,44.15833,68.50274,62.90345
2014-02-27,69.34,70.01,68.87,68.94,41653700,0,1,69.34,70.01,68.87,68.94,41653700,34.00661,34.58969,33.40971,33.97653,59.99470,43.95138,68.32990,62.57148
2014-02-26,70.19,71.22,68.85,69.26,55322700,0,1,70.19,71.22,68.85,69.26,55322700,33.92721,34.51009,33.33003,33.89796,59.68230,43.74078,68.04081,62.20843
2014-02-25,70.95,71,69.45,69.85,52077000,0,1,70.95,71,69.45,69.85,52077000,33.84553,34.42741,33.25003,33.81831,59.33370,43.52788,67.65747,61.81916
2014-02-24,68.74,71.44,68.54,70.78,76620300,0,1,68.74,71.44,68.54,70.78,76620300,33.76178,34.34486,33.16831,33.73698,58.92430,43.31383,67.13063,61.39070
2014-02-21,69.69,69.96,68.45,68.59,70932400,0,1,69.69,69.96,68.45,68.59,70932400,33.68264,34.26093,33.08828,33.65317,58.51360,43.09553,66.41912,60.90967
2014-02-20,67.73,70.11,65.727,69.63,130928900,0,1,67.73,70.11,65.727,69.63,130928900,33.60099,34.17998,33.00810,33.57395,58.11860,42.88702,65.91878,60.49903
2014-02-19,67.05,69.08,67,68.06,62087100,0,1,67.05,69.08,67,68.06,62087100,33.52343,34.09832,32.93374,33.49200,57.68480,42.67672,65.15427,60.03059
2014-02-18,66.94,67.5397,66.07,67.3,43809900,0,1,66.94,67.5397,66.07,67.3,43809900,33.44706,34.01864,32.85614,33.41326,57.29040,42.47798,64.47834,59.60825
2014-02-14,67.5,67.58,66.72,67.09,36694900,0,1,67.5,67.58,66.72,67.09,36694900,33.37059,33.94210,32.78031,33.33589,56.91680,42.28633,63.78283,59.20107
2014-02-13,64.18,67.33,64.05,67.33,61911700,0,1,64.18,67.33,64.05,67.33,61911700,33.29249,33.86513,32.70264,33.25865,56.50960,42.08803,63.00824,58.78615
2014-02-12,64.92,65.06,64.05,64.45,47282100,0,1,64.92,65.06,64.05,64.45,47282100,33.22165,33.78837,32.63074,33.18051,56.10420,41.89022,62.11448,58.34592
2014-02-11,63.75,65,63.35,64.851,45675600,0,1,63.75,65,63.35,64.851,45675600,33.14878,33.71649,32.55852,33.10862,55.75540,41.70287,61.52289,58.00496
2014-02-10,64.3,64.49,63.473,63.548,43666100,0,1,64.3,64.49,63.473,63.548,43666100,33.07827,33.64440,32.48757,33.03548,55.38818,41.51287,60.82833,57.63386
2014-02-07,62.27,64.57,62.22,64.32,60704300,0,1,62.27,64.57,62.22,64.32,60704300,33.00616,33.57317,32.41601,32.96501,55.03502,41.32583,60.23625,57.30002
2014-02-06,61.46,62.78,61.46,62.16,42086500,0,1,61.46,62.78,61.46,62.16,42086500,32.93842,33.50141,32.34702,32.89243,54.64502,41.13478,59.48825,56.92061
2014-02-05,62.74,63.16,61.27,62.19,51685100,0,1,62.74,63.16,61.27,62.19,51685100,32.87224,33.43348,32.27947,32.82453,54.32642,40.95388,58.97225,56.61341
2014-02-04,62.05,63.14,61.82,62.75,45985500,0,1,62.05,63.14,61.82,62.75,45985500,32.80278,33.36435,32.21205,32.75624,54.01662,40.77278,58.41542,56.29289
2014-02-03,63.03,63.77,60.7,61.48,74866600,0,1,63.03,63.77,60.7,61.48,74866600,32.73461,33.29494,32.14303,32.68632,53.69022,40.58768,57.73158,55.93760
2014-01-31,60.47,63.37,60.17,62.57,87794600,0,1,60.47,63.37,60.17,62.57,87794600,32.66383,33.22374,32.07631,32.61904,53.38782,40.40873,57.17700,55.62026
2014-01-30,62.12,62.5,60.46,61.08,150178900,0,1,62.12,62.5,60.46,61.08,150178900,32.59871,33.15314,32.01052,32.54890,53.05302,40.22900,56.44158,55.24705
2014-01-29,54.61,54.95,53.19,53.53,92995600,0,1,54.61,54.95,53.19,53.53,92995600,32.52941,33.08425,31.94374,32.48193,52.81162,40.05820,55.86867,54.92280
2014-01-28,54.02,55.28,54,55.14,48191200,0,1,54.02,55.28,54,55.14,48191200,32.47745,33.03280,31.89374,32.43240,52.72082,39.92315,56.27608,54.89106
2014-01-27,54.73,54.9401,51.85,53.55,73924100,0,1,54.73,54.9401,51.85,53.55,73924100,32.42665,32.98033,31.84161,32.37885,52.59222,39.78445,56.49942,54.79115
2014-01-24,56.15,56.42,54.4,54.45,55200700,0,1,56.15,56.42,54.4,54.45,55200700,32.37392,32.92842,31.79431,32.32880,52.45332,39.65679,56.92989,54.74814
2014-01-23,56.37,56.68,55.6855,56.63,47951800,0,1,56.37,56.68,55.6855,56.63,47951800,32.31758,32.87275,31.74074,32.27638,52.28832,39.52239,57.25003,54.66337
2014-01-22,58.85,59.31,57.1,57.51,61352900,0,1,58.85,59.31,57.1,57.51,61352900,32.26045,32.81620,31.68386,32.21853,52.10632,39.37219,57.28117,54.48597
2014-01-21,56.6,58.58,56.5,58.51,48669200,0,1,56.6,58.58,56.5,58.51,48669200,32.19714,32.75312,31.62335,32.15831,51.90732,39.21889,57.17063,54.26626
2014-01-17,57.3,57.82,56.07,56.3,40849200,0,1,57.3,57.82,56.07,56.3,40849200,32.13890,32.69148,31.56398,32.09542,51.71952,39.06329,56.90952,53.99997
2014-01-16,57.26,58.02,56.83,57.19,34541800,0,1,57.26,58.02,56.83,57.19,34541800,32.07870,32.63137,31.50535,32.03751,51.59562,38.91715,56.93657,53.81548
2014-01-15,57.98,58.57,57.27,57.6,33663400,0,1,57.98,58.57,57.27,57.6,33663400,32.01832,32.57048,31.44462,31.97720,51.41622,38.76245,56.85878,53.58906
2014-01-14,56.46,57.78,56.1,57.74,37503600,0,1,56.46,57.78,56.1,57.74,37503600,31.95591,32.50798,31.38254,31.91560,51.25922,38.60155,56.73117,53.34040
2014-01-13,57.91,58.25,55.38,55.91,63010900,0,1,57.91,58.25,55.38,55.91,63010900,31.89686,32.44709,31.32298,31.85338,51.10852,38.44050,56.56422,53.08034
2014-01-10,57.13,58.3,57.06,57.94,42449500,0,1,57.13,58.3,57.06,57.94,42449500,31.83403,32.38476,31.26487,31.79527,50.97052,38.28885,56.61885,52.88664
2014-01-09,58.65,58.96,56.65,57.22,92253300,0,1,58.65,58.96,56.65,57.22,92253300,31.77278,32.32201,31.20241,31.73196,50.79962,38.12960,56.39998,52.60662
2014-01-08,57.6,58.41,57.23,58.23,56682400,0,1,57.6,58.41,57.23,58.23,56682400,31.70754,32.25736,31.14065,31.67010,50.65980,37.96952,56.25145,52.34936
2014-01-07,57.7,58.55,57.22,57.92,77207400,0,1,57.7,58.55,57.22,57.92,77207400,31.64454,32.19373,31.07717,31.60548,50.53420,37.80403,55.93983,52.04756
2014-01-06,54.42,57.26,54.05,57.2,68852600,0,1,54.42,57.26,54.05,57.2,68852600,31.58099,32.12944,31.01341,31.54130,50.42470,37.64308,55.62863,51.75363
2014-01-03,55.02,55.65,54.53,54.557,38246200,0,1,55.02,55.65,54.53,54.557,38246200,31.52515,32.06800,30.95708,31.47856,50.31870,37.48578,55.36268,51.48377
2014-01-02,54.83,55.22,54.19,54.71,43195500,0,1,54.83,55.22,54.19,54.71,43195500,31.46757,32.01020,30.89930,31.42200,50.28106,37.34229,55.38397,51.31609
2013-12-31,54.12,54.86,53.91,54.649,43076200,0,1,54.12,54.86,53.91,54.649,43076200,31.41017,31.95317,30.84208,31.36478,50.26386,37.20149,55.34892,51.14173
2013-12-30,54.93,55.18,53.43,53.71,68307000,0,1,54.93,55.18,53.43,53.71,68307000,31.35423,31.89675,30.78526,31.30743,50.25528,37.06070,55.27308,50.96943
2013-12-27,57.48,57.68,55.25,55.44,60466000,0,1,57.48,57.68,55.25,55.44,60466000,31.29602,31.83926,30.72935,31.25211,50.22528,36.92537,55.26654,50.83277
2013-12-26,58.32,58.38,57.37,57.73,55101000,0,1,58.32,58.38,57.37,57.73,55101000,31.23121,31.77530,30.66865,31.19224,50.13918,36.78337,54.98458,50.62490
2013-12-24,58.27,58.58,56.91,57.96,46617800,0,1,58.27,58.58,56.91,57.96,46617800,31.16399,31.70928,30.60240,31.12639,49.97458,36.63012,54.34046,50.32076
2013-12-23,55.5,58.32,55.45,57.77,98297000,0,1,55.5,58.32,55.45,57.77,98297000,31.09656,31.64244,30.53696,31.05964,49.80558,36.47947,53.57400,50.00098
2013-12-20,54.93,55.15,54.23,55.12,239824000,0,1,54.93,55.15,54.23,55.12,239824000,31.03570,31.57591,30.47483,30.99303,49.63238,36.33132,52.74204,49.68186
2013-12-19,54.33,55.19,53.95,55.05,89753200,0,1,54.33,55.19,53.95,55.05,89753200,30.97597,31.51698,30.41544,30.93271,49.51098,36.19552,52.17375,49.46190
2013-12-18,54.86,55.89,53.75,55.57,76003000,0,1,54.86,55.89,53.75,55.57,76003000,30.91744,31.45765,30.35646,30.87227,49.34538,36.06316,51.54288,49.23819
2013-12-17,54.76,55.18,54.24,54.86,78751000,0,1,54.76,55.18,54.24,54.86,78751000,30.85728,31.39626,30.29768,30.81021,49.17678,35.92258,50.76633,48.98747
2013-12-16,53.25,54.5,52.91,53.81,85119000,0,1,53.25,54.5,52.91,53.81,85119000,30.79707,31.33635,30.23737,30.74964,49.08988,35.78588,49.99488,48.76120
2013-12-13,51.66,53.5,51.34,53.32,82641000,0,1,51.66,53.5,51.34,53.32,82641000,30.74037,31.27786,30.18012,30.69140,49.03448,35.65543,49.29150,48.57392
2013-12-12,51.045,52.07,50.66,51.83,92723000,0,1,51.045,52.07,50.66,51.83,92723000,30.68741,31.22160,30.12655,30.63411,48.95174,35.52773,48.59421,48.40262
2013-12-11,50.55,50.77,49.01,49.38,65776000,0,1,50.55,50.77,49.01,49.38,65776000,30.63574,31.16868,30.07443,30.58032,48.92074,35.40483,48.03817,48.28853
2013-12-10,48.64,50.77,48.54,50.245,68479000,0,1,48.64,50.77,48.54,50.245,68479000,30.58507,31.11881,30.02625,30.53248,48.94154,35.29228,47.76321,48.27133
2013-12-09,48.09,48.97,47.74,48.84,36056000,0,1,48.09,48.97,47.74,48.84,36056000,30.53901,31.06868,29.97902,30.48219,48.94124,35.17800,47.34333,48.22020
2013-12-06,48.98,49.39,47.71,47.94,42938000,0,1,48.98,49.39,47.71,47.94,42938000,30.49412,31.02289,29.93360,30.43524,48.98924,35.07015,47.10050,48.22606
2013-12-05,48.15,48.7,47.87,48.34,43855000,0,1,48.15,48.7,47.87,48.34,43855000,30.44672,30.97580,29.88802,30.39036,49.03824,34.96610,46.97892,48.26913
2013-12-04,46.46,48.77,46.26,48.62,60890000,0,1,46.46,48.77,46.26,48.62,60890000,30.40121,30.93023,29.84179,30.34422,49.06064,34.86082,46.81042,48.29739
2013-12-03,46.75,47.2,46.29,46.73,32086000,0,1,46.75,47.2,46.29,46.73,32086000,30.35983,30.88426,29.79947,30.29711,49.05724,34.76003,46.59013,48.31453
2013-12-02,46.9,47.54,46.26,47.06,50774000,0,1,46.9,47.54,46.26,47.06,50774000,30.31747,30.84210,29.75686,30.25465,49.06644,34.67103,46.60167,48.40616
2013-11-29,46.75,47.21,46.5,47.01,22953900,0,1,46.75,47.21,46.5,47.01,22953900,30.27451,30.79884,29.71411,30.21111,49.07504,34.57733,46.57588,48.48518
2013-11-27,45.97,46.67,45.53,46.49,44993000,0,1,45.97,46.67,45.53,46.49,44993000,30.23172,30.75621,29.67051,30.16748,49.05444,34.48478,46.56092,48.56535
2013-11-26,44.66,46.17,43.55,45.89,82016000,0,1,44.66,46.17,43.55,45.89,82016000,30.19074,30.71477,29.62921,30.12497,49.02924,34.39186,46.63288,48.66493
2013-11-25,46.36,46.65,44.04,44.82,82565000,0,1,46.36,46.65,44.04,44.82,82565000,30.15296,30.67442,29.59286,30.08381,49.01284,34.29926,46.81496,48.78740
2013-11-22,47.04,47.27,45.96,46.23,40545000,0,1,47.04,47.27,45.96,46.23,40545000,30.11053,30.63259,29.55504,30.04524,48.96664,34.21646,47.15913,48.95001
2013-11-21,46.99,47.46,46.685,46.7,34886000,0,1,46.99,47.46,46.685,46.7,34886000,30.06610,30.58893,29.51198,30.00276,48.92824,34.12804,47.35638,49.05582
2013-11-20,46.61,47.55,46.31,46.43,53933000,0,1,46.61,47.55,46.31,46.43,53933000,30.02156,30.54453,29.46679,29.95882,48.88924,34.03779,47.52408,49.14167
2013-11-19,46.26,47,45.72,46.36,75602000,0,1,46.26,47,45.72,46.36,75602000,29.97779,30.49966,29.42235,29.91536,48.86144,33.95089,47.74704,49.23703
2013-11-18,48.47,48.84,45.8,45.83,85910000,0,1,48.47,48.84,45.8,45.83,85910000,29.93472,30.45601,29.37924,29.87185,48.80624,33.86229,48.00404,49.33296
2013-11-15,49.11,49.48,48.71,49.01,42453000,0,1,49.11,49.48,48.71,49.01,42453000,29.88555,30.40724,29.33568,29.82952,48.77044,33.77368,48.36395,49.44827
2013-11-14,48.7,49.57,48.03,48.99,75117000,0,1,48.7,49.57,48.03,48.99,75117000,29.83442,30.35652,29.28415,29.77851,48.66924,33.67728,48.35086,49.43490
2013-11-13,46.23,48.74,46.06,48.71,79245000,0,1,46.23,48.74,46.06,48.71,79245000,29.78411,30.30528,29.23416,29.72728,48.54264,33.58724,48.36906,49.41736
2013-11-12,46,47.37,45.83,46.605,68196000,0,1,46,47.37,45.83,46.605,68196000,29.74014,30.25599,29.18917,29.67652,48.40404,33.49989,48.44884,49.40536
2013-11-11,47.04,47.53,45.73,46.2,80910000,0,1,47.04,47.53,45.73,46.2,80910000,29.69655,30.21011,29.14456,29.63114,48.30934,33.42081,48.84233,49.47220
2013-11-08,47.81,48.65,47.25,47.53,70731000,0,1,47.81,48.65,47.25,47.53,70731000,29.64993,30.16355,29.09998,29.58660,48.21122,33.35216,49.35020,49.55107
2013-11-07,49.24,49.87,47.3,47.56,97128000,0,1,49.24,49.87,47.3,47.56,97128000,29.60098,30.11372,29.05105,29.53824,48.08622,33.27221,49.74757,49.57288
2013-11-06,50.26,50.45,48.71,49.12,67889000,0,1,50.26,50.45,48.71,49.12,67889000,29.54790,30.06033,29.00173,29.48953,47.94598,33.18981,50.17993,49.58802
2013-11-05,47.79,50.18,47.51,50.105,76835000,0,1,47.79,50.18,47.51,50.105,76835000,29.49177,30.00507,28.94832,29.43633,47.75638,33.09831,50.43409,49.53454
2013-11-04,49.365,49.75,48.02,48.22,80371000,0,1,49.365,49.75,48.02,48.22,80371000,29.44204,29.95025,28.89788,29.38016,47.58108,33.00143,50.56008,49.43557
2013-11-01,50.85,52.09,49.72,49.75,95033000,0,1,50.85,52.09,49.72,49.75,95033000,29.38776,29.89630,28.84578,29.32883,47.42768,32.90863,50.93245,49.40450
2013-10-31,47.155,52,46.5,50.205,248809000,0,1,47.155,52,46.5,50.205,248809000,29.32912,29.83566,28.78875,29.27303,47.20368,32.81058,51.10823,49.30464
2013-10-30,50,50.21,48.75,49.01,127073000,0,1,50,50.21,48.75,49.01,127073000,29.28028,29.77493,28.74022,29.21569,46.96598,32.70880,51.21752,49.17762
2013-10-29,50.73,50.79,49.25,49.395,102143000,0,1,50.73,50.79,49.25,49.395,102143000,29.22336,29.71879,28.68525,29.16131,46.75398,32.61425,51.45751,49.08915
2013-10-28,51.54,51.7,49.61,50.229,73472000,0,1,51.54,51.7,49.61,50.229,73472000,29.16411,29.66075,28.62860,29.10557,46.52228,32.52202,51.63058,48.97649
2013-10-25,53.18,53.24,51.88,51.95,45085000,0,1,53.18,53.24,51.88,51.95,45085000,29.10230,29.59986,28.57064,29.04721,46.25930,32.42947,51.70179,48.82082
2013-10-24,52.38,52.84,51.5928,52.445,46775000,0,1,52.38,52.84,51.5928,52.445,46775000,29.03560,29.53438,28.50607,28.98377,45.95150,32.32622,51.55029,48.58558
2013-10-23,51.75,52.25,51.13,51.9,57207000,0,1,51.75,52.25,51.13,51.9,57207000,28.97076,29.46964,28.44194,28.91860,45.63560,32.21695,51.30973,48.31855
2013-10-22,54.33,54.76,52.2,52.675,83204000,0,1,54.33,54.76,52.2,52.675,83204000,28.90731,29.40619,28.37874,28.85459,45.33798,32.10275,51.12380,48.06121
2013-10-21,54.68,54.81,53.51,53.85,58235000,0,1,54.68,54.81,53.51,53.85,58235000,28.83629,29.33537,28.31220,28.78805,45.04888,31.98648,50.82220,47.76215
2013-10-18,54.18,54.825,53.6,54.22,88260000,0,1,54.18,54.825,53.6,54.22,88260000,28.76390,29.26401,28.24162,28.71785,44.74188,31.86103,50.34356,47.40497
2013-10-17,51.12,52.22,50.95,52.21,71522000,0,1,51.12,52.22,50.95,52.21,71522000,28.69251,29.19221,28.17039,28.64621,44.42828,31.72878,49.79383,47.02098
2013-10-16,50.04,51.24,49.9,51.135,64678000,0,1,50.04,51.24,49.9,51.135,64678000,28.62933,29.12734,28.10622,28.57983,44.16148,31.60773,49.48019,46.70535
2013-10-15,49.99,51,49.18,49.5,81167000,0,1,49.99,51,49.18,49.5,81167000,28.56885,29.06488,28.04466,28.51612,43.90978,31.48515,49.28697,46.42201
2013-10-14,48.31,49.63,47.91,49.51,68781000,0,1,48.31,49.63,47.91,49.51,68781000,28.50817,29.00274,27.98478,28.45667,43.70356,31.36721,49.28937,46.19470
2013-10-11,49.18,49.87,48.79,49.11,58428000,0,1,49.18,49.87,48.79,49.11,58428000,28.45191,28.94414,27.92818,28.39686,43.47436,31.24991,49.27118,45.95801
2013-10-10,47.865,49.68,47.83,49.05,99774000,0,1,47.865,49.68,47.83,49.05,99774000,28.39286,28.88452,27.86874,28.33785,43.24194,31.13691,49.28950,45.72789
2013-10-09,47.375,47.84,45.26,46.77,147297000,0,1,47.375,47.84,45.26,46.77,147297000,28.33722,28.82510,27.81171,28.27867,42.99694,31.02631,49.28973,45.49051
2013-10-08,50.6,50.6,47.08,47.14,136081000,0,1,50.6,50.6,47.08,47.14,136081000,28.28267,28.77062,27.76171,28.22569,42.81408,30.92376,49.56213,45.33538
2013-10-07,50.73,51.29,50.4,50.515,57204000,0,1,50.73,51.29,50.4,50.515,57204000,28.21854,28.70789,27.70620,28.17134,42.57988,30.82486,49.77103,45.15655
2013-10-04,49.77,51.16,49.57,51.04,74447000,0,1,49.77,51.16,49.57,51.04,74447000,28.15367,28.64281,27.64080,28.10695,42.24978,30.70933,49.49135,44.83242
2013-10-03,50.47,50.72,49.06,49.183,82045000,0,1,50.47,50.72,49.06,49.183,82045000,28.09119,28.57773,27.57742,28.04067,41.91616,30.59268,49.08996,44.47463
2013-10-02,50.13,51.1,49.95,50.28,62834000,0,1,50.13,51.1,49.95,50.28,62834000,28.02633,28.51355,27.51515,27.97939,41.46270,30.48052,48.88375,44.17187
2013-10-01,49.97,51.03,49.45,50.42,98114000,0,1,49.97,51.03,49.45,50.42,98114000,27.96207,28.44790,27.44994,27.91456,40.97970,30.36318,48.49675,43.80715
2013-09-30,50.14,51.6,49.8,50.23,100095000,0,1,50.14,51.6,49.8,50.23,100095000,27.89791,28.38206,27.38580,27.84895,40.49220,30.25228,48.03542,43.41783
2013-09-27,50.29,51.28,49.86,51.24,81410500,0,1,50.29,51.28,49.86,51.24,81410500,27.83287,28.31417,27.32026,27.78350,40.00522,30.13903,47.54625,43.01685
2013-09-26,50.01,50.6,49.5,50.39,98220100,0,1,50.01,50.6,49.5,50.39,98220100,27.76702,28.24682,27.25416,27.71472,39.50402,30.02273,46.87008,42.55662
2013-09-25,49.23,49.54,48.46,49.46,87879700,0,1,49.23,49.54,48.46,49.46,87879700,27.70160,28.18108,27.18873,27.64802,39.02922,29.90998,46.23575,42.11110
2013-09-24,48.505,49.66,48.16,48.45,136716100,0,1,48.505,49.66,48.16,48.45,136716100,27.63809,28.11807,27.12598,27.58368,38.56642,29.80011,45.65367,41.68390
2013-09-23,47.28,47.55,46.29,47.19,75177000,0,1,47.28,47.55,46.29,47.19,75177000,27.57635,28.05434,27.06375,27.52195,38.12302,29.69271,45.14300,41.27892
2013-09-20,46.32,47.6,45.74,47.49,115508400,0,1,46.32,47.6,45.74,47.49,115508400,27.51789,27.99649,27.00670,27.46359,37.69742,29.59531,44.74070,40.90666
2013-09-19,45.51,46.05,45.23,45.98,63972400,0,1,45.51,46.05,45.23,45.98,63972400,27.46193,27.93814,26.95095,27.40398,37.26382,29.49516,44.24915,40.50563
2013-09-18,44.84,45.47,44.395,45.23,79317000,0,1,44.84,45.47,44.395,45.23,79317000,27.40805,27.88408,26.89638,27.34853,36.86022,29.40046,43.90108,40.14800
2013-09-17,42.5,45.44,42.43,45.07,91934600,0,1,42.5,45.44,42.43,45.07,91934600,27.35586,27.83143,26.84399,27.29499,36.46522,29.31431,43.60018,39.80428
2013-09-16,44.85,44.94,42.43,42.51,70424200,0,1,44.85,44.94,42.43,42.51,70424200,27.31038,27.77855,26.79719,27.24162,36.05802,29.22556,43.28820,39.45087
2013-09-13,45.04,45.08,43.93,44.31,52765300,0,1,45.04,45.08,43.93,44.31,52765300,27.25755,27.72686,26.75010,27.19563,35.69522,29.14481,43.27988,39.18362
2013-09-12,45.53,45.62,44.65,44.75,68072300,0,1,45.53,45.62,44.65,44.75,68072300,27.20383,27.67443,26.69820,27.14392,35.29942,29.05401,42.99857,38.83027
2013-09-11,43.39,45.09,43.11,45.04,72328300,0,1,43.39,45.09,43.11,45.04,72328300,27.14830,27.62005,26.64380,27.09057,34.89262,28.95996,42.60867,38.44370
2013-09-10,44.24,44.26,43.23,43.6,54540300,0,1,44.24,44.26,43.23,43.6,54540300,27.09893,27.56695,26.59375,27.03601,34.48802,28.85475,42.12727,38.02990
2013-09-09,44.36,44.79,43.7,44.04,75794700,0,1,44.36,44.79,43.7,44.04,75794700,27.04667,27.51606,26.54303,26.98551,34.11362,28.75835,41.77762,37.65788
2013-09-06,43.09,44.61,42.4,43.95,117535700,0,1,43.09,44.61,42.4,43.95,117535700,26.99372,27.46323,26.49056,26.93336,33.72602,28.65365,41.31497,37.25341
2013-09-05,41.79,42.765,41.77,42.66,50035400,0,1,41.79,42.765,41.77,42.66,50035400,26.94435,27.41063,26.44176,26.88116,33.33022,28.54850,40.80198,36.83695
2013-09-04,42.01,42.17,41.44,41.78,42581900,0,1,42.01,42.17,41.44,41.78,42581900,26.89867,27.36339,26.39459,26.83261,32.96202,28.45300,40.40017,36.45664
2013-09-03,41.84,42.165,41.51,41.87,48774900,0,1,41.84,42.165,41.51,41.87,48774900,26.85203,27.31769,26.34816,26.78648,32.60512,28.35495,40.06868,36.09684
2013-08-30,42.025,42.26,41.06,41.294,67735100,0,1,42.025,42.26,41.06,41.294,67735100,26.80563,27.27172,26.30122,26.73978,32.25832,28.25740,39.69552,35.71991
2013-08-29,40.89,41.78,40.8,41.28,58303400,0,1,40.89,41.78,40.8,41.28,58303400,26.75836,27.22517,26.25538,26.69458,31.91044,28.15023,39.37108,35.35193
2013-08-28,39.96,40.85,39.88,40.548,57918200,0,1,39.96,40.85,39.88,40.548,57918200,26.71434,27.17983,26.21007,26.64914,31.57102,28.04418,39.02555,34.97118
2013-08-27,40.68,41.2,39.42,39.64,72695100,0,1,40.68,41.2,39.42,39.64,72695100,26.67295,27.13711,26.16735,26.60571,31.24426,27.93749,38.75754,34.60633
2013-08-26,40.9,41.94,40.62,41.34,94162400,0,1,40.9,41.94,40.62,41.34,94162400,26.62904,27.09303,26.12581,26.56485,30.93190,27.83924,38.59395,34.26484
2013-08-23,39,40.63,38.93,40.55,86442300,0,1,39,40.63,38.93,40.55,86442300,26.58416,27.04634,26.08023,26.51838,30.57770,27.73489,38.19993,33.84279
2013-08-22,38.37,38.75,38.34,38.55,21931200,0,1,38.37,38.75,38.34,38.55,21931200,26.54499,27.00349,26.03969,26.47412,30.24130,27.63799,37.88383,33.43852
2013-08-21,38.38,38.85,38.145,38.32,46116900,0,1,38.38,38.85,38.145,38.32,46116900,26.50757,26.96632,26.00077,26.43591,29.94570,27.55149,37.80889,33.10110
2013-08-20,38.35,38.58,37.69,38.41,57995200,0,1,38.35,38.58,37.69,38.41,57995200,26.46988,26.92859,25.96222,26.39818,29.65990,27.46579,37.75003,32.76149
2013-08-19,37.43,38.28,37.14,37.81,57609600,0,1,37.43,38.28,37.14,37.81,57609600,26.43205,26.89148,25.92487,26.35992,29.37830,27.37979,37.67340,32.40730
2013-08-16,36.97,37.49,36.9,37.08,45840800,0,1,36.97,37.49,36.9,37.08,45840800,26.39691,26.85510,25.88904,26.32334,29.08792,27.29629,37.65193,32.06526
2013-08-15,36.36,37.07,36.0201,36.56,56521100,0,1,36.36,37.07,36.0201,36.56,56521100,26.36302,26.82101,25.85374,26.28887,28.80572,27.22061,37.69613,31.74078
2013-08-14,36.83,37.55,36.62,36.65,48423900,0,1,36.83,37.55,36.62,36.65,48423900,26.33088,26.78806,25.82106,26.25584,28.53250,27.15061,37.78699,31.42598
2013-08-13,38.24,38.32,36.77,37.019,65379200,0,1,38.24,38.32,36.77,37.019,65379200,26.29701,26.75334,25.78622,26.22231,28.26990,27.08351,37.78210,31.09735
2013-08-12,38.2,38.5,38.1,38.22,31161000,0,1,38.2,38.5,38.1,38.22,31161000,26.25836,26.71591,25.75067,26.18737,28.00648,26.99591,37.64034,30.74391
2013-08-09,38.59,38.74,38.01,38.5,43532300,0,1,38.59,38.74,38.01,38.5,43532300,26.21959,26.67765,25.71058,26.14830,27.72904,26.90142,37.24700,30.33250
2013-08-08,39.13,39.19,38.43,38.54,41301000,0,1,39.13,39.19,38.43,38.54,41301000,26.17929,26.63836,25.67052,26.10807,27.45004,26.80392,36.71350,29.89917
2013-08-07,38.61,38.94,37.7,38.87,68854800,0,1,38.61,38.94,37.7,38.87,68854800,26.13697,26.59734,25.62882,26.06744,27.14564,26.70609,36.07200,29.45233
2013-08-06,39.11,39.25,37.94,38.55,63950800,0,1,39.11,39.25,37.94,38.55,63950800,26.09607,26.55687,25.58924,26.02547,26.85024,26.61114,35.28742,28.98097
2013-08-05,38.43,39.32,38.25,39.189,79994800,0,1,38.43,39.32,38.25,39.189,79994800,26.05326,26.51512,25.54861,25.98427,26.56549,26.51579,34.44092,28.51099
2013-08-02,37.66,38.49,37.5,38.05,73058500,0,1,37.66,38.49,37.5,38.05,73058500,26.01242,26.47286,25.50669,25.94069,26.28291,26.41745,33.40697,28.00487
2013-08-01,37.3,38.29,36.92,37.489,106066500,0,1,37.3,38.29,36.92,37.489,106066500,25.97385,26.43307,25.46698,25.90059,26.02509,26.32479,32.41423,27.53330
2013-07-31,37.96,38.31,36.33,36.8,154828700,0,1,37.96,38.31,36.33,36.8,154828700,25.93622,26.39367,25.42893,25.86209,25.78851,26.23609,31.39428,27.07446
2013-07-30,35.65,37.96,35.32,37.627,173582800,0,1,35.65,37.96,35.32,37.627,173582800,25.89614,26.35395,25.39259,25.82563,25.56769,26.15029,30.36880,26.63398
2013-07-29,34.07,35.63,34.01,35.43,124718800,0,1,34.07,35.63,34.01,35.43,124718800,25.86352,26.31514,25.35939,25.78616,25.34015,26.06329,29.13872,26.15214
2013-07-26,33.77,34.73,33.56,34.01,136028900,0,1,33.77,34.73,33.56,34.01,136028900,25.83598,26.28388,25.33036,25.75380,25.15415,25.98814,28.09393,25.74917
2013-07-25,33.545,34.88,32.75,34.359,365457900,0,1,33.545,34.88,32.75,34.359,365457900,25.80927,26.25544,25.30265,25.72600,25.00595,25.92264,27.14630,25.39607
2013-07-24,26.32,26.53,26.05,26.51,82635600,0,1,26.32,26.53,26.05,26.51,82635600,25.78313,26.22630,25.27749,25.69684,24.86017,25.86058,26.07306,25.02356
2013-07-23,26.1,26.3,25.97,26.13,28221600,0,1,26.1,26.3,25.97,26.13,28221600,25.78131,26.22527,25.27488,25.69408,24.86637,25.83718,25.96344,24.95911
2013-07-22,25.99,26.13,25.72,26.045,27526300,0,1,25.99,26.13,25.72,26.045,27526300,25.78023,26.22502,25.27251,25.69260,24.87737,25.81788,25.89033,24.90998
2013-07-19,25.82,26.1077,25.6,25.881,46539700,0,1,25.82,26.1077,25.6,25.881,46539700,25.77951,26.22535,25.27098,25.69139,24.89727,25.79761,25.81813,24.86497
2013-07-18,26.75,26.77,26.12,26.18,24806900,0,1,26.75,26.77,26.12,26.18,24806900,25.77938,26.22575,25.26986,25.69074,24.92205,25.77650,25.75625,24.82737
2013-07-17,26.37,26.78,26.3,26.65,21518500,0,1,26.37,26.78,26.3,26.65,21518500,25.77604,26.22388,25.26694,25.68906,24.93623,25.74720,25.64017,24.77859
2013-07-16,26.39,26.75,26.01,26.32,30817600,0,1,26.39,26.75,26.01,26.32,30817600,25.77399,26.22196,25.26337,25.68575,24.95463,25.71705,25.44533,24.71211
2013-07-15,25.93,26.43,25.65,26.28,24234000,0,1,25.93,26.43,25.65,26.28,24234000,25.77186,26.22013,25.26079,25.68355,24.99445,25.68685,25.27188,24.66013
2013-07-12,25.74,25.93,25.55,25.91,16537900,0,1,25.74,25.93,25.55,25.91,16537900,25.77131,26.21940,25.25944,25.68148,25.04825,25.65940,25.08883,24.61182
2013-07-11,25.96,26,25.45,25.81,26777400,0,1,25.96,26,25.45,25.81,26777400,25.77142,26.22041,25.25843,25.68069,25.07865,25.64415,24.93529,24.57922
2013-07-10,25.58,25.83,25.47,25.8,26721800,0,1,25.58,25.83,25.47,25.8,26721800,25.77076,26.22118,25.25776,25.68023,25.11783,25.62805,24.78174,24.55208
2013-07-09,25.07,25.49,25.03,25.48,30387900,0,1,25.07,25.49,25.03,25.48,30387900,25.77143,26.22256,25.25701,25.67981,25.14143,25.61550,24.61619,24.52625
2013-07-08,24.47,25.04,24.42,24.71,27064600,0,1,24.47,25.04,24.42,24.71,27064600,25.77390,26.22514,25.25781,25.68052,25.16883,25.59745,24.47849,24.51405
2013-07-05,24.65,24.66,24.2,24.37,20229500,0,1,24.65,24.66,24.2,24.37,20229500,25.77851,26.22932,25.26077,25.68395,25.19743,25.58150,24.42804,24.53316
2013-07-03,24.22,24.71,24.15,24.52,10404400,0,1,24.22,24.71,24.15,24.52,10404400,25.78251,26.23489,25.26453,25.68861,25.23223,25.56965,24.41476,24.56698
2013-07-02,24.7,24.77,24.3,24.41,18394100,0,1,24.7,24.77,24.3,24.41,18394100,25.78807,26.24031,25.26850,25.69277,25.26143,25.55062,24.37648,24.59605
2013-07-01,24.9694,25.0601,24.62,24.81,20582200,0,1,24.9694,25.0601,24.62,24.81,20582200,25.79196,26.24557,25.27196,25.69735,25.29263,25.53322,24.34878,24.63066
2013-06-28,24.68,24.98,24.42,24.88,96778900,0,1,24.68,24.98,24.42,24.88,96778900,25.79490,26.24981,25.27429,25.70053,25.31103,25.50632,24.26708,24.65031
2013-06-27,24.24,24.84,24.21,24.66,34694100,0,1,24.24,24.84,24.21,24.66,34694100,25.79891,26.25438,25.27737,25.70348,25.32723,25.47597,24.16338,24.66785
2013-06-26,24.51,24.65,23.99,24.16,29890300,0,1,24.51,24.65,23.99,24.16,29890300,25.80454,26.25949,25.28122,25.70725,25.36653,25.44757,24.07311,24.69556
2013-06-25,24.14,24.43,24.04,24.25,24713200,0,1,24.14,24.43,24.04,24.25,24713200,25.80923,26.26532,25.28590,25.71285,25.42173,25.42157,24.03483,24.74504
2013-06-24,23.95,24.11,23.38,23.935,40626000,0,1,23.95,24.11,23.38,23.935,40626000,25.81530,26.27199,25.29043,25.71817,25.46713,25.39322,23.97921,24.79277
2013-06-21,24.59,24.7,24.05,24.53,45833900,0,1,24.59,24.7,24.05,24.53,45833900,25.82211,26.27988,25.29740,25.72468,25.53643,25.36219,23.96224,24.85557
2013-06-20,24.28,24.745,23.65,23.9,42765600,0,1,24.28,24.745,23.65,23.9,42765600,25.82662,26.28567,25.30197,25.72906,25.60618,25.32983,23.86938,24.89777
2013-06-19,24.2,25.19,24.1,24.309,31790600,0,1,24.2,25.19,24.1,24.309,31790600,25.83231,26.29134,25.30804,25.73578,25.67958,25.30578,23.86069,24.96756
2013-06-18,24.09,24.69,24.08,24.21,36709100,0,1,24.09,24.69,24.08,24.21,36709100,25.83833,26.29540,25.31250,25.74105,25.72520,25.27973,23.79263,25.02310
2013-06-17,23.91,24.25,23.75,24.022,33664500,0,1,23.91,24.25,23.75,24.022,33664500,25.84481,26.30135,25.31707,25.74672,25.77798,25.25538,23.73603,25.08459
2013-06-14,23.56,23.89,23.26,23.63,30677100,0,1,23.56,23.89,23.26,23.63,30677100,25.85200,26.30897,25.32289,25.75313,25.84534,25.23102,23.70535,25.15609
2013-06-13,23.72,23.83,23.265,23.73,31189300,0,1,23.72,23.83,23.265,23.73,31189300,25.86055,26.31800,25.33059,25.76105,25.91419,25.20992,23.73559,25.24567
2013-06-12,24.16,24.26,23.58,23.77,26445800,0,1,24.16,24.26,23.58,23.77,26445800,25.86857,26.32732,25.33833,25.76866,25.96459,25.18847,23.76524,25.33330
2013-06-11,24.03,24.35,24,24.03,29885900,0,1,24.03,24.35,24,24.03,29885900,25.87499,26.33509,25.34494,25.77617,25.99759,25.16681,23.80563,25.42065
2013-06-10,24.06,24.6,23.99,24.33,58393000,0,1,24.06,24.6,23.99,24.33,58393000,25.88196,26.34258,25.35001,25.78276,26.02759,25.14246,23.82794,25.49899
2013-06-07,23.03,23.4,22.86,23.291,38699200,0,1,23.03,23.4,22.86,23.291,38699200,25.88886,26.34918,25.35516,25.78826,26.05259,25.12086,23.82874,25.56654
2013-06-06,22.99,23.09,22.67,22.97,31260700,0,1,22.99,23.09,22.67,22.97,31260700,25.89973,26.36039,25.36465,25.79776,26.10857,25.09966,23.98308,25.67704
2013-06-05,23.35,23.705,22.79,22.899,53819700,0,1,23.35,23.705,22.79,22.899,53819700,25.91083,26.37288,25.37494,25.80855,26.15327,25.08416,24.20779,25.80187
2013-06-04,23.89,23.93,23.32,23.52,34760800,0,1,23.89,23.93,23.32,23.52,34760800,25.92064,26.38310,25.38484,25.81970,26.19791,25.07566,24.47614,25.93124
2013-06-03,24.265,24.32,23.71,23.848,35733800,0,1,24.265,24.32,23.71,23.848,35733800,25.92845,26.39253,25.39278,25.82854,26.24211,25.05996,24.69436,26.03799
2013-05-31,24.63,24.95,24.27,24.348,35925000,0,1,24.63,24.95,24.27,24.348,35925000,25.93488,26.40053,25.39928,25.83619,26.27995,25.04872,24.89518,26.13336
2013-05-30,24.13,24.779,23.93,24.55,60733200,0,1,24.13,24.779,23.93,24.55,60733200,25.93993,26.40616,25.40366,25.84196,26.31019,25.03602,25.05593,26.21031
2013-05-29,23.79,23.81,23.26,23.32,64237800,0,1,23.79,23.81,23.26,23.32,64237800,25.94698,26.41249,25.40939,25.84699,26.35019,25.01832,25.21285,26.28090
2013-05-28,24.54,24.54,23.92,24.1,50079700,0,1,24.54,24.54,23.92,24.1,50079700,25.95540,26.42265,25.41779,25.85686,26.41359,25.00532,25.55327,26.40222
2013-05-24,24.97,24.97,24.08,24.3125,58727900,0,1,24.97,24.97,24.08,24.3125,58727900,25.96095,26.43004,25.42366,25.86375,26.46449,24.98842,25.82510,26.49495
2013-05-23,24.8,25.53,24.77,25.06,37663100,0,1,24.8,25.53,24.77,25.06,37663100,25.96485,26.43578,25.42895,25.86985,26.51904,24.97645,26.10368,26.58148
2013-05-22,25.65,25.85,24.92,25.159,45314500,0,1,25.65,25.85,24.92,25.159,45314500,25.96946,26.43936,25.43155,25.87305,26.55944,24.95660,26.32142,26.64028
2013-05-21,25.87,26.075,25.59,25.66,26261300,0,1,25.87,26.075,25.59,25.66,26261300,25.97073,26.44170,25.43358,25.87589,26.61286,24.93101,26.54570,26.69729
2013-05-20,26.18,26.19,25.69,25.759,42402900,0,1,26.18,26.19,25.69,25.759,42402900,25.97113,26.44316,25.43296,25.87675,26.66246,24.90711,26.72493,26.73660
2013-05-17,26.4,26.6,26.2,26.25,29462700,0,1,26.4,26.6,26.2,26.25,29462700,25.97029,26.44418,25.43193,25.87722,26.70648,24.88686,26.90197,26.77376
2013-05-16,26.48,26.55,25.9,26.13,35499100,0,1,26.48,26.55,25.9,26.13,35499100,25.96857,26.44355,25.42885,25.87572,26.75304,24.87136,27.02263,26.79349
2013-05-15,26.92,26.99,26.4,26.6,30299800,0,1,26.92,26.99,26.4,26.6,30299800,25.96650,26.44312,25.42695,25.87470,26.77949,24.85924,27.15837,26.81896
2013-05-14,26.8854,27.28,26.82,27.07,24930300,0,1,26.8854,27.28,26.82,27.07,24930300,25.96264,26.44091,25.42301,25.87176,26.79789,24.86046,27.23128,26.82672
2013-05-13,26.6,27.325,26.531,26.82,29068800,0,1,26.6,27.325,26.531,26.82,29068800,25.95889,26.43750,25.41733,25.86689,26.81089,24.87181,27.23635,26.81656
2013-05-10,27.14,27.3,26.57,26.68,30847100,0,1,27.14,27.3,26.57,26.68,30847100,25.95628,26.43387,25.41278,25.86300,26.83009,24.87996,27.26559,26.81695
2013-05-09,27.08,27.55,26.85,27.04,33457200,0,1,27.08,27.55,26.85,27.04,33457200,25.95143,26.43033,25.40804,25.85965,26.84149,24.89031,27.30442,26.82329
2013-05-08,26.88,27.3,26.65,27.12,34654900,0,1,26.88,27.3,26.65,27.12,34654900,25.94678,26.42572,25.40211,25.85479,26.83809,24.89891,27.28699,26.81537
2013-05-07,27.55,27.85,26.85,26.889,41259100,0,1,27.55,27.85,26.85,26.889,41259100,25.94292,26.42210,25.39695,25.84956,26.84349,24.90831,27.25544,26.80452
2013-05-06,28.33,28.46,27.48,27.57,43939400,0,1,28.33,28.46,27.48,27.57,43939400,25.93626,26.41618,25.39092,25.84525,26.85111,24.91942,27.25303,26.80304
2013-05-03,29.04,29.07,28.15,28.311,58506400,0,1,29.04,29.07,28.15,28.311,58506400,25.92628,26.40766,25.38222,25.83807,26.84231,24.92202,27.15673,26.77450
2013-05-02,28.0099,29.02,27.98,28.97,104257000,0,1,28.0099,29.02,27.98,28.97,104257000,25.91325,26.39652,25.37064,25.82772,26.82175,24.92169,26.96023,26.71610
2013-05-01,27.85,27.915,27.31,27.43,64567600,0,1,27.85,27.915,27.31,27.43,64567600,25.90444,26.38550,25.35967,25.81452,26.81159,24.93044,26.67340,26.63146
2013-04-30,27.13,27.85,27.005,27.769,36245700,0,1,27.13,27.85,27.005,27.769,36245700,25.89624,26.37905,25.35144,25.80770,26.84159,24.94734,26.58025,26.60838
2013-04-29,27.16,27.41,26.86,26.98,29201100,0,1,27.16,27.41,26.86,26.98,29201100,25.89101,26.37281,25.34444,25.79939,26.85261,24.96334,26.43490,26.57244
2013-04-26,26.6,27.62,26.6,26.85,33018000,0,1,26.6,27.62,26.6,26.85,33018000,25.88561,26.36840,25.33799,25.79436,26.88301,24.98579,26.38708,26.56864
2013-04-25,26.07,26.4,26,26.14,17150000,0,1,26.07,26.4,26,26.14,17150000,25.88255,26.36305,25.33259,25.78985,26.90416,25.01239,26.36000,26.57076
2013-04-24,25.93,26.4,25.8,26.11,19729900,0,1,25.93,26.4,25.8,26.11,19729900,25.88175,26.36289,25.32973,25.78835,26.92876,25.04034,26.42945,26.60170
2013-04-23,26.215,26.33,25.77,25.98,25191500,0,1,26.215,26.33,25.77,25.98,25191500,25.88154,26.36273,25.32770,25.78696,26.97176,25.06714,26.50382,26.63549
2013-04-22,25.81,26.36,25.7,25.97,25687600,0,1,25.81,26.36,25.7,25.97,25687600,25.88010,26.36288,25.32579,25.78613,27.02306,25.09324,26.58977,26.67639
2013-04-19,25.62,25.96,25.33,25.73,20380900,0,1,25.62,25.96,25.33,25.73,20380900,25.88040,26.36289,25.32416,25.78533,27.07666,25.11725,26.67330,26.71979
2013-04-18,26.82,26.82,25.15,25.69,39059000,0,1,26.82,26.82,25.15,25.69,39059000,25.88154,26.36465,25.32414,25.78557,27.14306,25.14407,26.78559,26.77521
2013-04-17,26.65,27.2,26.39,26.625,26440600,0,1,26.65,27.2,26.39,26.625,26440600,25.87742,26.36265,25.32490,25.78599,27.20206,25.17242,26.90620,26.83450
2013-04-16,26.81,27.11,26.4,26.92,27365900,0,1,26.81,27.11,26.4,26.92,27365900,25.87402,26.35896,25.32021,25.78229,27.23174,25.20045,26.89811,26.85830
2013-04-15,27.16,27.48,26.36,26.52,30275400,0,1,27.16,27.48,26.36,26.52,30275400,25.86988,26.35564,25.31543,25.77726,27.28794,25.23135,26.83824,26.87273
2013-04-12,28,28,27.24,27.4,28697400,0,1,28,28,27.24,27.4,28697400,25.86415,26.35064,25.31079,25.77396,27.37716,25.25905,26.82178,26.90634
2013-04-11,27.48,28.1,27.25,28.0175,33368500,0,1,27.48,28.1,27.25,28.0175,33368500,25.85461,26.34328,25.30218,25.76670,27.45396,25.28730,26.68149,26.90846
2013-04-10,27.0099,27.84,26.9,27.57,45949400,0,1,27.0099,27.84,26.9,27.57,45949400,25.84732,26.33540,25.29344,25.75661,27.50941,25.30641,26.44603,26.88853
2013-04-09,26.58,26.89,26.42,26.59,21311100,0,1,26.58,26.89,26.42,26.59,21311100,25.84209,26.32862,25.28620,25.74844,27.60739,25.32656,26.25801,26.89000
2013-04-08,27.19,27.2,26.63,26.849,27256000,0,1,27.19,27.2,26.63,26.849,27256000,25.83875,26.32608,25.28107,25.74463,27.70639,25.35317,26.19165,26.93378
2013-04-05,26.86,27.8,26.61,27.39,64566600,0,1,26.86,27.8,26.61,27.39,64566600,25.83260,26.32211,25.27494,25.73961,27.79101,25.37597,26.09123,26.97072
2013-04-04,26.62,27.2301,26.11,27.0725,82016800,0,1,26.62,27.2301,26.11,27.0725,82016800,25.82791,26.31536,25.26885,25.73207,27.85961,25.38909,25.92025,26.98914
2013-04-03,25.83,26.39,25.7,26.25,48195200,0,1,25.83,26.39,25.7,26.25,48195200,25.82428,26.31117,25.26499,25.72593,27.93274,25.39518,25.78903,27.02287
2013-04-02,25.77,26.12,25.3,25.42,35153300,0,1,25.77,26.12,25.3,25.42,35153300,25.82425,26.31080,25.26298,25.72351,28.00094,25.40028,25.77379,27.09153
2013-04-01,25.63,25.89,25.28,25.53,22249300,0,1,25.63,25.89,25.28,25.53,22249300,25.82450,26.31169,25.26281,25.72492,28.09534,25.41018,25.88497,27.19645
2013-03-28,26.09,26.17,25.52,25.58,28585700,0,1,26.09,26.17,25.52,25.58,28585700,25.82541,26.31365,25.26273,25.72582,28.18174,25.41755,26.00264,27.30044
2013-03-27,25,26.28,24.72,26.09,52297400,0,1,25,26.28,24.72,26.09,52297400,25.82417,26.31432,25.26153,25.72650,28.27214,25.42515,26.13905,27.40601
2013-03-26,25.08,25.48,25.03,25.205,26957200,0,1,25.08,25.48,25.03,25.205,26957200,25.82804,26.31448,25.26407,25.72480,28.36929,25.42625,26.22306,27.49540
2013-03-25,25.75,25.8,25.078,25.131,39199000,0,1,25.75,25.8,25.078,25.131,39199000,25.83157,26.31842,25.26518,25.72725,28.49959,25.43428,26.43699,27.62460
2013-03-22,25.796,26.01,25.63,25.73,18456300,0,1,25.796,26.01,25.63,25.73,18456300,25.83196,26.32087,25.26606,25.73007,28.62297,25.43797,26.68175,27.76154
2013-03-21,25.66,26.11,25.56,25.74,24336100,0,1,25.66,26.11,25.56,25.74,24336100,25.83213,26.32235,25.26433,25.73007,28.72017,25.44382,26.86871,27.87880
2013-03-20,26.68,26.69,25.78,25.86,44006500,0,1,26.68,26.69,25.78,25.86,44006500,25.83295,26.32337,25.26291,25.73003,28.78658,25.45372,27.06700,27.99827
2013-03-19,26.53,26.9,26.21,26.55,25254200,0,1,26.53,26.9,26.21,26.55,25254200,25.82888,26.32161,25.26043,25.72940,28.85781,25.47242,27.25872,28.11583
2013-03-18,26.37,26.79,25.78,26.49,26653700,0,1,26.37,26.79,25.78,26.49,26653700,25.82549,26.31881,25.25584,25.72544,28.90201,25.48062,27.37118,28.20807
2013-03-15,27.03,27.06,26.56,26.645,31597400,0,1,27.03,27.06,26.56,26.645,31597400,25.82285,26.31653,25.25330,25.72173,28.92761,25.49237,27.49764,28.30366
2013-03-14,27.1,27.43,26.83,27.04,27646400,0,1,27.1,27.43,26.83,27.04,27646400,25.81696,26.31290,25.24692,25.71722,28.95471,25.51869,27.60877,28.39424
2013-03-13,27.62,27.65,26.92,27.08,39619500,0,1,27.62,27.65,26.92,27.08,39619500,25.81067,26.30742,25.23916,25.71074,28.94630,25.54864,27.67255,28.46900
2013-03-12,28.1,28.32,27.6,27.83,27569600,0,1,28.1,28.32,27.6,27.83,27569600,25.80176,26.30081,25.23088,25.70399,28.92293,25.57324,27.74285,28.54127
2013-03-11,28.01,28.64,27.83,28.14,35642100,0,1,28.01,28.64,27.83,28.14,35642100,25.79038,26.29081,25.21915,25.69347,28.88733,25.58909,27.72856,28.58273
2013-03-08,28.425,28.47,27.73,27.96,44198900,0,1,28.425,28.47,27.73,27.96,44198900,25.77934,26.27913,25.20617,25.68130,28.85473,25.61854,27.67702,28.61076
2013-03-07,27.57,28.675,27.47,28.578,74540200,0,1,27.57,28.675,27.47,28.578,74540200,25.76611,26.26817,25.19355,25.66990,28.83413,25.66990,27.65248,28.64504
2013-03-06,28.1,28.13,27.35,27.4525,33532600,0,1,28.1,28.13,27.35,27.4525,33532600,25.75704,26.25608,25.18211,25.65529,28.78777,0.00000,27.54511,28.65327
2013-03-05,27.88,28.18,27.21,27.52,40622200,0,1,27.88,28.18,27.21,27.52,40622200,25.74521,26.24661,25.17116,25.64621,28.78592,0.00000,27.57773,28.70556
2013-03-04,27.76,28.06,27.44,27.72,32400700,0,1,27.76,28.06,27.44,27.72,32400700,25.73438,26.23680,25.16081,25.63670,28.78372,0.00000,27.60809,28.75511
2013-03-01,27.05,28.1164,26.81,27.78,54064800,0,1,27.05,28.1164,26.81,27.78,54064800,25.72404,26.22750,25.14918,25.62607,28.78352,0.00000,27.62032,28.79682
2013-02-28,26.84,27.3,26.34,27.25,83027800,0,1,26.84,27.3,26.34,27.25,83027800,25.71724,26.21781,25.14066,25.61503,28.76292,0.00000,27.63230,28.83537
2013-02-27,27.34,27.34,26.63,26.87,44319700,0,1,27.34,27.34,26.63,26.87,44319700,25.71145,26.21223,25.13448,25.60660,28.75416,0.00000,27.72553,28.89435
2013-02-26,27.36,27.46,26.7,27.39,31611700,0,1,27.36,27.46,26.7,27.39,31611700,25.70302,26.20639,25.12673,25.60005,28.78156,0.00000,27.88100,28.96932
2013-02-25,27.16,27.64,27.15,27.27,34652000,0,1,27.16,27.64,27.15,27.27,34652000,25.69438,26.19986,25.11854,25.59073,28.78536,0.00000,27.97748,29.02404
2013-02-22,27.62,27.63,26.82,27.13,36350200,0,1,27.62,27.63,26.82,27.13,36350200,25.68671,26.19232,25.10790,25.58194,28.79956,0.00000,28.10945,29.08402
2013-02-21,28.28,28.55,27.15,27.283,49642300,0,1,28.28,28.55,27.15,27.283,49642300,25.67654,26.18475,25.09889,25.57379,28.81376,0.00000,28.29101,29.15005
2013-02-20,28.92,29.05,28.33,28.462,42098200,0,1,28.92,29.05,28.33,28.462,42098200,25.66276,26.17224,25.08804,25.56475,28.81780,0.00000,28.48642,29.21024
2013-02-19,28.23,29.08,28.12,28.93,49396400,0,1,28.23,29.08,28.12,28.93,49396400,25.64544,26.15693,25.07079,25.54934,28.78796,0.00000,28.55386,29.22302
2013-02-15,28.52,28.75,28.09,28.32,33109300,0,1,28.52,28.75,28.09,28.32,33109300,25.63161,26.14130,25.05449,25.53126,28.76356,0.00000,28.59229,29.21649
2013-02-14,28.02,28.63,28.01,28.5,35615800,0,1,28.02,28.63,28.01,28.5,35615800,25.61609,26.12727,25.03817,25.51626,28.74636,0.00000,28.73380,29.23321
2013-02-13,27.36,28.32,27.31,27.9075,50164000,0,1,27.36,28.32,27.31,27.9075,50164000,25.60309,26.11374,25.02210,25.50014,28.71716,0.00000,28.87431,29.24173
2013-02-12,27.67,28.16,27.1,27.37,93498700,0,1,27.67,28.16,27.1,27.37,93498700,25.59354,26.10175,25.00967,25.48705,28.71901,0.00000,29.11316,29.27355
2013-02-11,28.61,28.68,28.04,28.26,37361800,0,1,28.61,28.68,28.04,28.26,37361800,25.58220,26.09051,24.99825,25.47676,28.71801,0.00000,29.44718,29.32642
2013-02-08,28.89,29.17,28.51,28.545,37708800,0,1,28.89,29.17,28.51,28.545,37708800,25.56556,26.07628,24.98153,25.46147,28.68001,0.00000,29.68163,29.34289
2013-02-07,29.11,29.15,28.27,28.65,34540100,0,1,29.11,29.15,28.27,28.65,34540100,25.54719,26.05919,24.96204,25.44443,28.63211,0.00000,29.89373,29.34630
2013-02-06,28.74,29.29,28.66,29.05,38375900,0,1,28.74,29.29,28.66,29.05,38375900,25.52740,26.04202,24.94366,25.42663,28.57791,0.00000,30.10272,29.34348
2013-02-05,28.26,28.96,28.04,28.64,47948200,0,1,28.26,28.96,28.04,28.64,47948200,25.50945,26.02387,24.92290,25.40638,28.47687,0.00000,30.27045,29.32100
2013-02-04,29.06,29.2,28.01,28.109,92362200,0,1,29.06,29.2,28.01,28.109,92362200,25.49400,26.00738,24.90539,25.38822,28.39047,0.00000,30.50866,29.31122
2013-02-01,31.01,31.02,29.63,29.73,85856700,0,1,31.01,31.02,29.63,29.73,85856700,25.47385,25.98934,24.88785,25.37285,28.29029,0.00000,30.84334,29.31832
2013-01-31,29.15,31.47,28.74,30.981,190744900,0,1,29.15,31.47,28.74,30.981,190744900,25.44240,25.96075,24.86090,25.34809,28.15409,0.00000,30.98848,29.25652
2013-01-30,30.98,31.49,30.88,31.24,87682100,0,1,30.98,31.49,30.88,31.24,87682100,25.42121,25.92927,24.83874,25.31590,28.00568,0.00000,30.97398,29.13985
2013-01-29,32,32.07,30.71,30.79,72976500,0,1,32,32.07,30.71,30.79,72976500,25.38926,25.89731,24.80402,25.28185,27.82428,0.00000,30.90895,29.00590
2013-01-28,31.88,32.5063,31.81,32.469,59682500,0,1,31.88,32.5063,31.81,32.469,59682500,25.35105,25.86163,24.76988,25.25002,27.65568,0.00000,30.88876,28.88298
2013-01-25,31.41,31.93,31.13,31.54,54363600,0,1,31.41,31.93,31.13,31.54,54363600,25.31309,25.82300,24.72895,25.20804,27.40350,0.00000,30.62779,28.68433
2013-01-24,31.27,31.49,30.81,31.08,43845100,0,1,31.27,31.49,30.81,31.08,43845100,25.27744,25.78729,24.69152,25.17102,27.17410,0.00000,30.45153,28.51312
2013-01-23,31.1,31.5,30.8,30.82,48899800,0,1,31.1,31.5,30.8,30.82,48899800,25.24219,25.75374,24.65552,25.13626,26.93670,0.00000,30.30710,28.35064
2013-01-22,29.75,30.89,29.74,30.729,55243300,0,1,29.75,30.89,29.74,30.729,55243300,25.20753,25.71974,24.61917,25.10263,26.72010,0.00000,30.16017,28.18986
2013-01-18,30.31,30.44,29.27,29.66,49631500,0,1,30.31,30.44,29.27,29.66,49631500,25.18049,25.68897,24.58869,25.06914,26.51492,0.00000,29.98447,28.02460
2013-01-17,30.08,30.42,30.03,30.14,40256700,0,1,30.08,30.42,30.03,30.14,40256700,25.14977,25.66052,24.56065,25.04164,26.34515,0.00000,29.91230,27.89461
2013-01-16,30.21,30.35,29.53,29.85,75332700,0,1,30.21,30.35,29.53,29.85,75332700,25.12007,25.63185,24.52771,25.01093,26.16735,0.00000,29.74989,27.73882
2013-01-15,30.64,31.71,29.88,30.1,173242600,0,1,30.64,31.71,29.88,30.1,173242600,25.08922,25.60325,24.49739,24.98160,25.99395,0.00000,29.59939,27.58760
2013-01-14,32.08,32.21,30.62,30.9475,98892800,0,1,32.08,32.21,30.62,30.9475,98892800,25.05538,25.56602,24.46457,24.95039,25.81615,0.00000,29.38565,27.41961
2013-01-11,31.28,31.96,31.1,31.72,89598000,0,1,31.28,31.96,31.1,31.72,89598000,25.01228,25.52525,24.42680,24.91360,25.61940,0.00000,29.03607,27.21066
2013-01-10,30.6,31.45,30.28,31.3,95316400,0,1,30.6,31.45,30.28,31.3,95316400,24.97359,25.48553,24.38561,24.87159,25.42385,0.00000,28.55401,26.96375
2013-01-09,29.67,30.6,29.49,30.59,104787700,0,1,29.67,30.6,29.49,30.59,104787700,24.93865,25.44849,24.34900,24.83166,25.24905,0.00000,28.09453,26.72646
2013-01-08,29.51,29.6,28.86,29.0607,45871300,0,1,29.51,29.6,28.86,29.0607,45871300,24.90907,25.41629,24.31687,24.79567,25.10185,0.00000,27.69180,26.51124
2013-01-07,28.69,29.79,28.65,29.4213,83781800,0,1,28.69,29.79,28.65,29.4213,83781800,24.88014,25.38998,24.28830,24.76885,24.91063,0.00000,27.46150,26.34849
2013-01-04,28.01,28.93,27.83,28.76,72715400,0,1,28.01,28.93,27.83,28.76,72715400,24.85602,25.36213,24.26069,24.73940,24.70863,0.00000,27.17628,26.16368
2013-01-03,27.88,28.47,27.59,27.77,63140600,0,1,27.88,28.47,27.59,27.77,63140600,24.83594,25.33940,24.23796,24.71379,24.51343,0.00000,26.96389,25.99715
2013-01-02,27.44,28.18,27.42,28,69846400,0,1,27.44,28.18,27.42,28,69846400,24.81642,25.31934,24.21647,24.69420,24.33753,0.00000,26.87700,25.86254
2012-12-31,26.2,26.99,26.11,26.6197,60374500,0,1,26.2,26.99,26.11,26.6197,60374500,24.79950,25.30088,24.19580,24.67287,24.17513,0.00000,26.76002,25.71255
2012-12-28,25.48,26.11,25.15,25.9112,56574800,0,1,25.48,26.11,25.15,25.9112,56574800,24.79040,25.28991,24.18337,24.66023,24.03233,0.00000,26.82280,25.61108
2012-12-27,26.55,26.8,25.52,26.05,43481700,0,1,26.55,26.8,25.52,26.05,43481700,24.78589,25.28455,24.17705,24.65205,23.90451,0.00000,26.98295,25.53239
2012-12-26,27.03,27.18,26.375,26.51,33175400,0,1,27.03,27.18,26.375,26.51,33175400,24.77429,25.27458,24.16822,24.64286,23.77387,0.00000,27.13960,25.44313
2012-12-24,26.5,26.96,26.2,26.93,28230100,0,1,26.5,26.96,26.2,26.93,28230100,24.75935,25.26196,24.15360,24.63049,23.63867,0.00000,27.24666,25.33053
2012-12-21,26.66,27.01,26.12,26.26,54555200,0,1,26.66,27.01,26.12,26.26,54555200,24.74775,25.25064,24.13996,24.61516,23.49287,0.00000,27.30213,25.19574
2012-12-20,27.49,27.6,27.13,27.36,35574800,0,1,27.49,27.6,27.13,27.36,35574800,24.73491,25.23884,24.12667,24.60412,23.37221,0.00000,27.45586,25.08249
2012-12-19,27.83,28.22,26.95,27.41,61390300,0,1,27.83,28.22,26.95,27.41,61390300,24.71630,25.22288,24.10638,24.58550,23.23301,0.00000,27.47175,24.92065
2012-12-18,26.96,27.91,26.9,27.71,60512900,0,1,26.96,27.91,26.9,27.71,60512900,24.69511,25.20249,24.08704,24.56629,23.10301,0.00000,27.47264,24.75175
2012-12-17,26.77,27,26.32,26.75,57742500,0,1,26.77,27,26.32,26.75,57742500,24.67960,25.18395,24.06777,24.54476,22.98776,0.00000,27.42304,24.56656
2012-12-14,28.18,28.33,26.76,26.812,91631600,0,1,28.18,28.33,26.76,26.812,91631600,24.66519,25.17142,24.05224,24.52955,22.88936,0.00000,27.48668,24.41516
2012-12-13,27.59,28.75,27.43,28.24,81051600,0,1,27.59,28.75,27.43,28.24,81051600,24.64078,25.14949,24.03343,24.51370,22.79852,0.00000,27.51912,24.25777
2012-12-12,28,28.14,27.37,27.5801,46704200,0,1,28,28.14,27.37,27.5801,46704200,24.62015,25.12431,24.00968,24.48764,22.67352,0.00000,27.34040,24.03948
2012-12-11,28.07,28.24,27.66,27.98,77099100,0,1,28.07,28.24,27.66,27.98,77099100,24.59635,25.10307,23.98602,24.46586,22.55512,0.00000,27.20683,23.84242
2012-12-10,27.17,28.17,27.1,27.84,50608500,0,1,27.17,28.17,27.1,27.84,50608500,24.57172,25.08083,23.95996,24.44094,22.40192,0.00000,26.98110,23.62367
2012-12-07,27.07,27.78,26.84,27.485,51751900,0,1,27.07,27.78,26.84,27.485,51751900,24.55316,25.05876,23.93753,24.41666,22.25752,0.00000,26.73721,23.40475
2012-12-06,27.68,27.75,26.82,26.97,46001500,0,1,27.68,27.75,26.82,26.97,46001500,24.53505,25.03918,23.91665,24.39458,22.11342,0.00000,26.49341,23.19410
2012-12-05,27.75,27.9,27.26,27.71,58976300,0,1,27.75,27.9,27.26,27.71,58976300,24.51226,25.01954,23.89561,24.37592,21.98982,0.00000,26.27557,22.99880
2012-12-04,27.06,27.76,26.68,27.46,72869200,0,1,27.06,27.76,26.68,27.46,72869200,24.48863,24.99851,23.87105,24.35159,21.89282,0.00000,25.89981,22.77067
2012-12-03,27.9999,28.88,26.98,27.04,123526100,0,1,27.9999,28.88,26.98,27.04,123526100,24.46972,24.97821,23.85040,24.32873,21.79542,0.00000,25.49371,22.54853
2012-11-30,27.26,28,26.76,28,127049600,0,1,27.26,28,26.76,28,127049600,24.44357,24.94931,23.82722,24.30865,21.72042,0.00000,25.07487,22.33992
2012-11-29,26.5,27.52,26.16,27.32,88759700,0,1,26.5,27.52,26.16,27.32,88759700,24.42255,24.92654,23.80533,24.28110,21.59782,0.00000,24.46927,22.08886
2012-11-28,25.94,26.49,25.75,26.36,49205600,0,1,25.94,26.49,25.75,26.36,49205600,24.40693,24.90704,23.78763,24.25825,21.48182,0.00000,23.89160,21.85991
2012-11-27,26.04,26.5,25.46,26.15,85760600,0,1,26.04,26.5,25.46,26.15,85760600,24.39532,24.89505,23.77276,24.24233,21.39462,0.00000,23.39068,21.66519
2012-11-26,24.935,26.09,24.81,25.94,123865000,0,1,24.935,26.09,24.81,25.94,123865000,24.38276,24.88280,23.75988,24.22776,21.28588,0.00000,22.87518,21.47444
2012-11-23,24.58,24.68,23.88,23.998,29520900,0,1,24.58,24.68,23.88,23.998,29520900,24.37852,24.87351,23.75180,24.21459,21.18570,0.00000,22.34626,21.28799
2012-11-21,23.22,24.53,23.05,24.32,89862400,0,1,23.22,24.53,23.05,24.32,89862400,24.37695,24.87501,23.75081,24.21627,21.09434,0.00000,22.03686,21.17412
2012-11-20,22.73,23.9,22.7,23.1,46655300,0,1,22.73,23.9,22.7,23.1,46655300,24.38599,24.87771,23.75628,24.21546,20.98414,0.00000,21.66046,21.04331
2012-11-19,23.955,24.12,22.82,22.92,85021300,0,1,23.955,24.12,22.82,22.92,85021300,24.39903,24.88541,23.76460,24.22425,20.90174,0.00000,21.42691,20.95710
2012-11-16,22.25,23.93,22.18,23.5607,107182200,0,1,22.25,23.93,22.18,23.5607,107182200,24.40256,24.89148,23.77210,24.23460,20.82254,0.00000,21.21287,20.87485
2012-11-15,22.34,22.5,21.65,22.17,78857700,0,1,22.34,22.5,21.65,22.17,78857700,24.41978,24.89917,23.78483,24.23999,20.72292,0.00000,20.91598,20.76356
2012-11-14,20.1,22.5,19.93,22.36,229751000,0,1,20.1,22.5,19.93,22.36,229751000,24.43655,24.91852,23.80205,24.25668,20.63410,0.00000,20.77067,20.70333
2012-11-13,19.605,20.11,19.56,19.86,71775100,0,1,19.605,20.11,19.56,19.86,71775100,24.47180,24.93818,23.83353,24.27210,20.54806,0.00000,20.57629,20.63227
2012-11-12,19.15,20.17,18.87,20.07,67349200,0,1,19.15,20.17,18.87,20.07,67349200,24.51170,24.97776,23.86856,24.30827,20.53263,0.00000,20.68725,20.65865
2012-11-09,19.955,20,19.13,19.21,42295500,0,1,19.955,20,19.13,19.21,42295500,24.55601,25.01749,23.90987,24.34329,20.51323,0.00000,20.76283,20.67603
2012-11-08,20.52,20.73,19.98,19.99,34254600,0,1,20.52,20.73,19.98,19.99,34254600,24.59435,25.05930,23.94970,24.38607,20.51583,0.00000,20.95149,20.72724
2012-11-07,20.85,20.95,20.37,20.47,33396800,0,1,20.85,20.95,20.37,20.47,33396800,24.62859,25.09568,23.98306,24.42301,20.49903,0.00000,21.03841,20.74720
2012-11-06,21.24,21.37,20.99,21.1712,29062700,0,1,21.24,21.37,20.99,21.1712,29062700,24.66061,25.13082,24.01368,24.45651,20.47781,0.00000,21.05740,20.74751
2012-11-05,21.1,21.48,20.92,21.25,31806700,0,1,21.1,21.48,20.92,21.25,31806700,24.68985,25.16296,24.03952,24.48459,20.44319,0.00000,20.97497,20.71896
2012-11-02,21.26,21.69,21.07,21.18,38344400,0,1,21.26,21.69,21.07,21.18,38344400,24.72079,25.19471,24.06642,24.51248,20.40697,0.00000,20.87019,20.68590
2012-11-01,21.08,21.44,21.01,21.21,37713900,0,1,21.08,21.44,21.01,21.21,37713900,24.75089,25.22519,24.09247,24.54145,20.36655,0.00000,20.76133,20.65400
2012-10-31,20.82,21.5,20.73,21.11,99378200,0,1,20.82,21.5,20.73,21.11,99378200,24.78309,25.25839,24.11951,24.57068,20.34257,0.00000,20.64053,20.61998
2012-10-26,22.4,22.88,21.88,21.9425,73175800,0,1,22.4,22.88,21.88,21.9425,73175800,24.81816,25.29165,24.14951,24.60130,20.30137,0.00000,20.52631,20.58827
2012-10-25,23.29,23.31,22.47,22.56,76142000,0,1,23.29,23.31,22.47,22.56,76142000,24.83975,25.31318,24.16977,24.62504,20.25992,0.00000,20.29942,20.52229
2012-10-24,24.13,24.25,22.85,23.2299,228949900,0,1,24.13,24.25,22.85,23.2299,228949900,24.85371,25.33123,24.18508,24.64365,20.23272,0.00000,19.99024,20.43102
2012-10-23,19.25,19.8,19.1,19.5,78381200,0,1,19.25,19.8,19.1,19.5,78381200,24.86029,25.34106,24.19722,24.65650,20.17572,0.00000,19.58566,20.31125
2012-10-22,19.25,19.43,19.05,19.321,32447300,0,1,19.25,19.43,19.05,19.321,32447300,24.91176,25.39189,24.24398,24.70381,20.21772,0.00000,19.67040,20.33940
2012-10-19,19,19.06,18.8,19,34835000,0,1,19,19.06,18.8,19,34835000,24.96419,25.44710,24.29208,24.75365,20.26744,0.00000,19.79975,20.37651
2012-10-18,19.7,19.79,18.89,18.975,52157400,0,1,19.7,19.79,18.89,18.975,52157400,25.01993,25.50679,24.34340,24.80742,20.30764,0.00000,19.99140,20.42779
2012-10-17,19.5,20.48,19.3718,19.88,44074500,0,1,19.5,20.48,19.3718,19.88,44074500,25.07011,25.56072,24.39485,24.86244,20.34254,0.00000,20.19738,20.48142
2012-10-16,19.68,19.69,19.3,19.48,21834700,0,1,19.68,19.69,19.3,19.48,21834700,25.12316,25.60911,24.44269,24.90989,20.35934,0.00000,20.29640,20.50022
2012-10-15,19.68,19.88,19.49,19.52,20189700,0,1,19.68,19.88,19.49,19.52,20189700,25.17550,25.66602,24.49214,24.96210,20.40814,0.00000,20.45209,20.53662
2012-10-12,19.75,19.8,19.48,19.5181,18809400,0,1,19.75,19.8,19.48,19.5181,18809400,25.22885,25.72220,24.54070,25.01494,20.43954,0.00000,20.61336,20.57268
2012-10-11,19.88,19.96,19.61,19.75,21817300,0,1,19.88,19.96,19.61,19.75,21817300,25.28257,25.78026,24.59032,25.06883,20.44998,0.00000,20.80272,20.60922
2012-10-10,19.93,19.94,19.45,19.64,39321800,0,1,19.93,19.94,19.45,19.64,39321800,25.33606,25.83789,24.63963,25.12149,20.47258,0.00000,20.98675,20.63756
2012-10-09,20.39,20.55,19.97,20.227,27161800,0,1,20.39,20.55,19.97,20.227,27161800,25.39012,25.89687,24.69152,25.17631,20.51398,0.00000,21.21496,20.67183
2012-10-08,20.4,20.75,20.155,20.4,32236700,0,1,20.4,20.75,20.155,20.4,32236700,25.44063,25.95087,24.73922,25.22630,20.57244,0.00000,21.38348,20.68538
2012-10-05,21.49,21.63,20.88,20.91,40529300,0,1,21.49,21.63,20.88,20.91,40529300,25.49206,26.00394,24.78599,25.27555,20.63854,0.00000,21.53971,20.69473
2012-10-04,22.32,22.4,21.41,21.9475,46892100,0,1,22.32,22.4,21.41,21.9475,46892100,25.53332,26.04904,24.82626,25.32055,20.75724,0.00000,21.64127,20.68874
2012-10-03,22.295,22.49,21.8,21.83,32000100,0,1,22.295,22.49,21.8,21.83,32000100,25.56679,26.08705,24.86185,25.35569,20.90509,0.00000,21.60286,20.64787
2012-10-02,22.08,22.49,21.82,22.27,29341400,0,1,22.08,22.49,21.82,22.27,29341400,25.60123,26.12491,24.89408,25.39280,21.03749,0.00000,21.57164,20.61679
2012-10-01,22.08,22.59,21.73,21.99,51262700,0,1,22.08,22.59,21.73,21.99,51262700,25.63869,26.16358,24.92678,25.42602,21.16709,0.00000,21.46176,20.57354
2012-09-28,20.57,21.95,20.5,21.66,65486000,0,1,20.57,21.95,20.5,21.66,65486000,25.67696,26.20201,24.96115,25.46297,21.30249,0.00000,21.36038,20.54657
2012-09-27,20.99,21,20.16,20.32,30215900,0,1,20.99,21,20.16,20.32,30215900,25.73247,26.24822,25.00965,25.50431,21.44929,0.00000,21.27791,20.53831
2012-09-26,20.145,20.78,19.8,20.62,38271900,0,1,20.145,20.78,19.8,20.62,38271900,25.78458,26.30590,25.06294,25.56128,21.62509,0.00000,21.35161,20.58949
2012-09-25,21.2,21.21,20.22,20.28,46291700,0,1,21.2,21.21,20.22,20.28,46291700,25.84724,26.36729,25.12142,25.61618,21.77449,0.00000,21.37081,20.63477
2012-09-24,21.78,21.98,20.3625,20.79,79106500,0,1,21.78,21.98,20.3625,20.79,79106500,25.89946,26.42524,25.17649,25.67614,21.93379,0.00000,21.41125,20.69962
2012-09-21,22.97,23.24,22.6,22.86,51218100,0,1,22.97,23.24,22.6,22.86,51218100,25.94627,26.47576,25.23119,25.73166,22.13239,0.00000,21.36518,20.75226
2012-09-20,23.02,23.24,22.54,22.59,57248900,0,1,23.02,23.24,22.54,22.59,57248900,25.98048,26.51295,25.26144,25.76467,22.29139,0.00000,21.02892,20.72996
2012-09-19,21.99,23.37,21.77,23.29,78782800,0,1,21.99,23.37,21.77,23.29,78782800,26.01491,26.55101,25.29308,25.80158,22.45899,0.00000,20.69733,20.72483
2012-09-18,21.6,21.98,21.37,21.87,36760500,0,1,21.6,21.98,21.37,21.87,36760500,26.06226,26.58843,25.33453,25.83113,22.62259,0.00000,20.24533,20.69865
2012-09-17,22.67,22.75,21.5,21.52,50667600,0,1,22.67,22.75,21.5,21.52,50667600,26.11538,26.64329,25.38173,25.87829,22.82859,0.00000,19.94816,20.73625
2012-09-14,21.13,22.08,20.9,22,72819800,0,1,21.13,22.08,20.9,22,72819800,26.15689,26.69020,25.42849,25.93080,23.03279,0.00000,19.67715,20.79557
2012-09-13,20.955,21.48,20.61,20.713,65041600,0,1,20.955,21.48,20.61,20.713,65041600,26.21820,26.74642,25.48372,25.97874,23.22219,0.00000,19.32480,20.84350
2012-09-12,20.76,21.16,20.28,20.931,121584000,0,1,20.76,21.16,20.28,20.931,121584000,26.28317,26.81144,25.54389,26.04374,23.43193,0.00000,19.12271,20.95012
2012-09-11,18.92,19.581,18.85,19.43,50508200,0,1,18.92,19.581,18.85,19.43,50508200,26.35221,26.88208,25.60969,26.10765,23.62873,0.00000,18.87861,21.05592
2012-09-10,19.06,19.2,18.55,18.81,24797800,0,1,19.06,19.2,18.55,18.81,24797800,26.44629,26.97450,25.69525,26.19218,23.86203,0.00000,18.82697,21.22972
2012-09-07,19.1,19.42,18.78,18.98,36371700,0,1,19.1,19.42,18.78,18.98,36371700,26.54099,27.07417,25.78686,26.28682,24.11303,0.00000,18.85483,21.43768
2012-09-06,18.74,19.2617,18.72,18.96,46066500,0,1,18.74,19.2617,18.72,18.96,46066500,26.63762,27.17358,25.87786,26.38172,24.37803,0.00000,18.86886,21.64937
2012-09-05,18.27,18.75,18.18,18.58,60781800,0,1,18.27,18.75,18.18,18.58,60781800,26.74154,27.27768,25.97204,26.47937,24.66083,0.00000,18.90406,21.87293
2012-09-04,18.08,18.27,17.55,17.729,46622400,0,1,18.08,18.27,17.55,17.729,46622400,26.85449,27.39138,26.07593,26.58470,24.93043,0.00000,19.00175,22.12197
2012-08-31,18.68,18.7,18.03,18.058,58764200,0,1,18.68,18.7,18.03,18.058,58764200,26.97307,27.51465,26.19115,26.70437,25.23685,0.00000,19.23808,22.41640
2012-08-30,19.27,19.45,19.06,19.0885,30647500,0,1,19.27,19.45,19.06,19.0885,30647500,27.08667,27.63539,26.30294,26.82281,25.51249,0.00000,19.46453,22.70873
2012-08-29,19.32,19.38,19.07,19.1,16124700,0,1,19.32,19.38,19.07,19.1,16124700,27.19524,27.74908,26.40354,26.93023,25.76272,0.00000,19.57818,22.97046
2012-08-28,19.1,19.38,18.95,19.34,25417000,0,1,19.1,19.38,18.95,19.34,25417000,27.30615,27.86695,26.50683,27.04052,26.01894,0.00000,19.70388,23.24179
2012-08-27,19.49,19.53,19.1,19.15,20704000,0,1,19.49,19.53,19.1,19.15,20704000,27.42339,27.98820,26.61478,27.15053,26.26034,0.00000,19.81109,23.51318
2012-08-24,19.52,19.68,19.25,19.409,29622200,0,1,19.52,19.68,19.25,19.409,29622200,27.53836,28.11078,26.72369,27.26648,26.47762,0.00000,19.96513,23.80054
2012-08-23,19.5,19.73,19.36,19.44,32813700,0,1,19.5,19.73,19.36,19.44,32813700,27.65628,28.23476,26.83360,27.38203,26.65524,0.00000,20.10081,24.08470
2012-08-22,19.36,19.53,18.96,19.439,49892200,0,1,19.36,19.53,18.96,19.439,49892200,27.77801,28.36170,26.94515,27.50056,26.81184,0.00000,20.23761,24.37380
2012-08-21,19.58,19.98,19.09,19.159,70640600,0,1,19.58,19.98,19.09,19.159,70640600,27.90556,28.49551,27.06613,27.62271,26.97106,0.00000,20.38654,24.66917
2012-08-20,19.05,20.13,18.75,20.011,101186600,0,1,19.05,20.13,18.75,20.011,101186600,28.03365,28.62652,27.18884,27.75292,27.12798,0.00000,20.59173,24.98168
2012-08-17,20.005,20.08,19,19.05,129293400,0,1,20.005,20.08,19,19.05,129293400,28.17402,28.75928,27.32070,27.87389,27.26976,0.00000,20.71658,25.26634
2012-08-16,20.44,20.48,19.69,19.87,157565300,0,1,20.44,20.48,19.69,19.87,157565300,28.30368,28.89704,27.45278,28.01395,27.41496,0.00000,21.00035,25.59437
2012-08-15,20.64,21.41,20.4,21.2,47861100,0,1,20.64,21.41,20.4,21.2,47861100,28.43052,29.03280,27.57798,28.14530,27.55376,0.00000,21.23974,25.89570
2012-08-14,21.41,21.6,20.25,20.38,39308800,0,1,21.41,21.6,20.25,20.38,39308800,28.55823,29.15777,27.69565,28.25916,27.64714,0.00000,21.38072,26.14853
2012-08-13,22.15,22.45,21.4,21.6,24973100,0,1,22.15,22.45,21.4,21.6,24973100,28.67737,29.28373,27.81975,28.39048,27.77754,0.00000,21.69144,26.43863
2012-08-10,21.41,21.82,21.13,21.807,25794700,0,1,21.41,21.82,21.13,21.807,25794700,28.78800,29.39956,27.92856,28.50557,27.89994,0.00000,21.90925,26.68568
2012-08-09,20.75,21.17,20.61,21.01,15610700,0,1,20.75,21.17,20.61,21.01,15610700,28.91521,29.53024,28.04577,28.62107,28.05580,0.00000,22.15913,26.93073
2012-08-08,20.71,21.15,20.22,20.72,29537400,0,1,20.71,21.15,20.22,20.72,29537400,29.05846,29.67691,28.17623,28.75459,28.19940,0.00000,22.57521,27.21267
2012-08-07,22.2,22.45,20.5,20.72,36782900,0,1,22.2,22.45,20.5,20.72,36782900,29.20754,29.82918,28.31830,28.89807,28.36180,0.00000,23.09746,27.51235
2012-08-06,21.39,22.15,21.3,21.92,27778900,0,1,21.39,22.15,21.3,21.92,27778900,29.33495,29.96334,28.46045,29.04676,28.58560,0.00000,23.68113,27.82080
2012-08-03,20.36,22.16,19.9,21.09,80647000,0,1,20.36,22.16,19.9,21.09,80647000,29.48207,30.10803,28.59305,29.17874,28.80780,0.00000,24.16750,28.09091
2012-08-02,20.77,20.84,19.82,20.04,56374500,0,1,20.77,20.84,19.82,20.04,56374500,29.65419,30.25800,28.75707,29.33135,29.02600,0.00000,24.83788,28.40213
2012-08-01,21.5,21.58,20.84,20.88,44604400,0,1,21.5,21.58,20.84,20.88,44604400,29.82504,30.43911,28.92894,29.51003,29.24520,0.00000,25.72925,28.76312
2012-07-31,23.37,23.37,21.61,21.71,56179400,0,1,23.37,23.37,21.61,21.71,56179400,29.98827,30.61282,29.08755,29.67925,29.50820,0.00000,26.59971,29.10148
2012-07-30,23.995,24.04,23.03,23.15,29285900,0,1,23.995,24.04,23.03,23.15,29285900,30.12064,30.75768,29.23710,29.83864,29.83864,0.00000,27.44775,29.42025
2012-07-27,23.19,24.54,22.28,23.705,123102300,0,1,23.19,24.54,22.28,23.705,123102300,30.24565,30.89477,29.36377,29.97514,0.00000,0.00000,28.19096,0.00000
2012-07-26,27.75,28.23,26.73,26.845,64597400,0,1,27.75,28.23,26.73,26.845,64597400,30.39265,31.02716,29.51135,30.10577,0.00000,0.00000,28.93167,0.00000
2012-07-25,28.39,29.49,28.08,29.34,17230200,0,1,28.39,29.49,28.08,29.34,17230200,30.44887,31.08668,29.57053,30.17514,0.00000,0.00000,29.31842,0.00000
2012-07-24,28.82,29.45,28.1,28.45,11539800,0,1,28.82,29.45,28.1,28.45,11539800,30.49363,31.12139,29.60293,30.19330,0.00000,0.00000,29.40879,0.00000
2012-07-23,28.12,29,28.01,28.75,12390700,0,1,28.12,29,28.01,28.75,12390700,30.53082,31.15853,29.63633,30.23204,0.00000,0.00000,29.62976,0.00000
2012-07-20,29,29.47,28.72,28.76,11869100,0,1,29,29.47,28.72,28.76,11869100,30.58561,31.20759,29.67329,30.26572,0.00000,0.00000,29.83277,0.00000
2012-07-19,29.41,29.5,28.63,29,13685100,0,1,29.41,29.5,28.63,29,13685100,30.62249,31.24800,29.69546,30.30074,0.00000,0.00000,30.05619,0.00000
2012-07-18,28.31,29.29,28.15,29.11,16841800,0,1,28.31,29.29,28.15,29.11,16841800,30.65136,31.28961,29.72083,30.33171,0.00000,0.00000,30.27653,0.00000
2012-07-17,28.48,28.59,27.15,28.09,30438600,0,1,28.48,28.59,27.15,28.09,30438600,30.70846,31.33839,29.75914,30.36151,0.00000,0.00000,30.51638,0.00000
2012-07-16,30.5,30.5,28.21,28.245,24672100,0,1,30.5,30.5,28.21,28.245,24672100,30.76418,31.40710,29.82437,30.41830,0.00000,0.00000,30.91680,0.00000
2012-07-13,31.04,31.07,30.56,30.72,8108300,0,1,31.04,31.07,30.56,30.72,8108300,30.77095,31.43035,29.86577,30.47402,0.00000,0.00000,31.33789,0.00000
2012-07-12,30.7,31.4,30.6,30.81,11300700,0,1,30.7,31.4,30.6,30.81,11300700,30.76387,31.43984,29.84750,30.46755,0.00000,0.00000,31.45894,0.00000
2012-07-11,31.48,31.56,30.55,30.97,13030300,0,1,31.48,31.56,30.55,30.97,13030300,30.76559,31.44091,29.82716,30.45829,0.00000,0.00000,31.57533,0.00000
2012-07-10,32.43,32.48,31.1599,31.47,14269500,0,1,32.43,32.48,31.1599,31.47,14269500,30.74575,31.43761,29.80708,30.44408,0.00000,0.00000,31.67955,0.00000
2012-07-09,32.1,32.88,31.99,32.17,17785200,0,1,32.1,32.88,31.99,32.17,17785200,30.69763,31.40782,29.76843,30.41477,0.00000,0.00000,31.72078,0.00000
2012-07-06,31.44,31.9,31.26,31.73,10945600,0,1,31.44,31.9,31.26,31.73,10945600,30.65638,31.36452,29.70309,30.36314,0.00000,0.00000,31.65653,0.00000
2012-07-05,31.32,31.625,31.02,31.47,10032100,0,1,31.32,31.625,31.02,31.47,10032100,30.63264,31.34830,29.65591,30.32172,0.00000,0.00000,31.61863,0.00000
2012-07-03,30.91,31.44,30.8,31.2,8763600,0,1,30.91,31.44,30.8,31.2,8763600,30.61116,31.33965,29.61328,30.28584,0.00000,0.00000,31.57822,0.00000
2012-07-02,31.25,31.73,30.55,30.771,14122000,0,1,31.25,31.73,30.55,30.771,14122000,30.60152,31.33641,29.57500,30.25635,0.00000,0.00000,31.53989,0.00000
2012-06-29,31.92,31.99,30.76,31.095,19526900,0,1,31.92,31.99,30.76,31.095,19526900,30.57990,31.32329,29.54250,30.23919,0.00000,0.00000,31.52381,0.00000
2012-06-28,31.96,32.19,30.9,31.36,17713300,0,1,31.96,32.19,30.9,31.36,17713300,30.53369,31.30030,29.50052,30.20968,0.00000,0.00000,31.43393,0.00000
2012-06-27,32.46,32.9,31.9,32.23,28568000,0,1,32.46,32.9,31.9,32.23,28568000,30.48275,31.26853,29.45054,30.16860,0.00000,0.00000,31.26885,0.00000
2012-06-26,32.69,33.44,32.5,33.1,24858700,0,1,32.69,33.44,32.5,33.1,24858700,30.40952,31.20810,29.35981,30.09225,0.00000,0.00000,30.94985,0.00000
2012-06-25,32.86,33.02,31.55,32.06,24352900,0,1,32.86,33.02,31.55,32.06,24352900,30.32181,31.12226,29.23904,29.97657,0.00000,0.00000,30.46184,0.00000
2012-06-22,32.41,33.45,32.06,33.05,74834000,0,1,32.41,33.45,32.06,33.05,74834000,30.22028,31.04635,29.14660,29.89323,0.00000,0.00000,30.06083,0.00000
2012-06-21,31.67,32.5,31.51,31.84,21875300,0,1,31.67,32.5,31.51,31.84,21875300,30.12904,30.94620,29.02521,29.76170,0.00000,0.00000,29.49166,0.00000
2012-06-20,31.92,31.9288,31.15,31.6,15553600,0,1,31.92,31.9288,31.15,31.6,15553600,30.06204,30.87864,28.91717,29.67134,0.00000,0.00000,29.05507,0.00000
2012-06-19,31.535,32.18,30.7,31.911,30849000,0,1,31.535,32.18,30.7,31.911,30849000,29.97759,30.83091,28.81568,29.58367,0.00000,0.00000,28.62006,0.00000
2012-06-18,29.955,32.08,29.41,31.41,42978900,0,1,29.955,32.08,29.41,31.41,42978900,29.90343,30.76667,28.72595,29.47285,0.00000,0.00000,28.12058,0.00000
2012-06-15,28.505,30.1,28.35,30.014,43563800,0,1,28.505,30.1,28.35,30.014,43563800,29.90085,30.70100,28.69175,29.37599,0.00000,0.00000,27.68790,0.00000
2012-06-14,27.65,28.32,27.38,28.29,16855000,0,1,27.65,28.32,27.38,28.29,16855000,29.97432,30.73263,28.70974,29.34241,0.00000,0.00000,27.45485,0.00000
2012-06-13,27.66,28.1,27.1,27.27,17102800,0,1,27.66,28.1,27.1,27.27,17102800,30.10344,30.86667,28.78361,29.40088,0.00000,0.00000,27.46822,0.00000
2012-06-12,27.48,27.77,26.96,27.4,15816800,0,1,27.48,27.77,26.96,27.4,15816800,30.24718,31.02941,28.88265,29.52622,0.00000,0.00000,27.64017,0.00000
2012-06-11,27.18,28.07,26.835,27.005,28219600,0,1,27.18,28.07,26.835,27.005,28219600,30.42013,31.23313,29.00281,29.65911,0.00000,0.00000,27.85112,0.00000
2012-06-08,26.55,27.76,26.44,27.1,38034000,0,1,26.55,27.76,26.44,27.1,38034000,30.63613,31.44400,29.14733,29.83605,0.00000,0.00000,28.20500,0.00000
2012-06-07,27,27.35,26.15,26.31,26159500,0,1,27,27.35,26.15,26.31,26159500,30.92800,31.70714,29.34071,30.03149,0.00000,0.00000,0.00000,0.00000
2012-06-06,26.07,27.17,25.52,26.81,61489200,0,1,26.07,27.17,25.52,26.81,61489200,31.23015,32.04231,29.58615,30.31775,0.00000,0.00000,0.00000,0.00000
2012-06-05,26.7,27.76,25.75,25.869,42473400,0,1,26.7,27.76,25.75,25.869,42473400,31.66017,32.44833,29.92500,30.61007,0.00000,0.00000,0.00000,0.00000
2012-06-04,27.2,27.65,26.44,26.9,35230300,0,1,27.2,27.65,26.44,26.9,35230300,32.11109,32.87455,30.30455,31.04107,0.00000,0.00000,0.00000,0.00000
2012-06-01,28.892,29.15,27.39,27.72,41855500,0,1,28.892,29.15,27.39,27.72,41855500,32.60220,33.39700,30.69100,31.45518,0.00000,0.00000,0.00000,0.00000
2012-05-31,28.545,29.67,26.83,29.6,111639200,0,1,28.545,29.67,26.83,29.6,111639200,33.01444,33.86889,31.05778,31.87020,0.00000,0.00000,0.00000,0.00000
2012-05-30,28.695,29.55,27.86,28.19,57267900,0,1,28.695,29.55,27.86,28.19,57267900,33.57313,34.39375,31.58625,32.15398,0.00000,0.00000,0.00000,0.00000
2012-05-29,31.48,31.69,28.65,28.84,78063400,0,1,31.48,31.69,28.65,28.84,78063400,34.27000,35.08571,32.11857,32.72026,0.00000,0.00000,0.00000,0.00000
2012-05-25,32.9,32.95,31.11,31.91,37149800,0,1,32.9,32.95,31.11,31.91,37149800,34.73500,35.65167,32.69667,33.36697,0.00000,0.00000,0.00000,0.00000
2012-05-24,32.95,33.21,31.77,33.03,50237200,0,1,32.95,33.21,31.77,33.03,50237200,35.10200,36.19200,33.01400,33.65836,0.00000,0.00000,0.00000,0.00000
2012-05-23,31.37,32.5,31.36,32,73600000,0,1,31.37,32.5,31.36,32,73600000,35.64000,36.93750,33.32500,33.81545,0.00000,0.00000,0.00000,0.00000
2012-05-22,32.61,33.59,30.94,31,101786600,0,1,32.61,33.59,30.94,31,101786600,37.06333,38.41667,33.98000,34.42060,0.00000,0.00000,0.00000,0.00000
2012-05-21,36.53,36.66,33,34.03,168192700,0,1,36.53,36.66,33,34.03,168192700,39.29000,40.83000,35.50000,36.13090,0.00000,0.00000,0.00000,0.00000
2012-05-18,42.05,45,38,38.2318,573576400,0,1,42.05,45,38,38.2318,573576400,42.05000,45.00000,38.00000,38.23180,0.00000,0.00000,0.00000,0.00000
